Server 0: 
rpcPort: 34485
mcPort: 51941

Server 1: 
rpcPort: 55727
mcPort: 38769

1
0.7605181999999999
2
0.24720089999999928
3
0.2944699999999969
4
0.30304679999999706
5
0.24951539999999994
6
0.2476508000000024
7
0.29763800000000273
8
0.23477469999999911
9
0.26452150000000074
10
0.2446351
11
0.3081493000000002
12
0.30862350000000305
13
0.2445786000000041
14
0.2615491000000034
15
0.24652869999999893
16
0.3276207000000042
17
0.2666365999999982
18
0.32301129999999745
19
0.2775232999999986
20
0.27952450000000084
21
0.37054109999999696
22
0.28146569999999826
23
0.39967490000000083
24
0.29550409999999516
25
0.3234887999999998
26
0.2915676000000005
27
0.2496344999999991
28
0.38259889999999785
29
0.3574945000000014
30
0.3255685999999969
31
0.3082002000000017
32
0.2915875999999997
33
0.29454859999999883
34
0.431526599999998
35
0.3995525999999998
36
0.37258870000000144
37
0.40256459999999805
38
0.4295283000000012
39
0.40063020000000193
40
0.36861130000000486
41
0.46848469999999764
42
0.4765333999999939
43
0.494410699999996
44
0.4475763000000015
45
0.49354499999999746
46
0.4656462000000019
47
1.0304934999999986
48
0.5255533999999997
49
0.5116369000000063
50
0.49253729999999507
51
0.5565573000000015
52
0.7116107000000014
53
0.608470699999998
54
0.5745464000000027
55
0.5581579999999917
56
1.153531799999996
57
0.6184698999999938
58
0.687525100000002
59
0.6565803999999957
60
0.7475551999999936
61
0.7145577000000003
62
0.9176518000000016
63
1.352521699999997
64
0.7325684999999993
65
0.7633646999999968
66
0.798567900000009
67
0.8114630999999974
68
0.8555580999999961
69
0.9315891000000107
70
1.0735126000000008
71
0.8614812000000001
72
1.6975459000000086
73
1.0145813000000032
74
1.1605876999999936
75
1.1843289000000112
76
2.1355839999999944
77
1.2935846000000026
78
4.872546999999997
79
1.2585094999999882
80
2.3755531000000047
81
2.233622600000018
82
1.346560299999993
83
2.394562499999978
84
2.083607900000004
85
2.5064959000000044
86
2.8835459000000014
87
3.979573700000003
88
2.5685518999999886
89
3.1525145999999893
90
2.621504299999998
91
1.780541900000003
92
3.097522700000013
93
6.23419100000001
94
4.078496599999994
95
2.7926007000000084
96
4.206525699999986
97
3.8085690000000056
98
3.985509400000012
99
3.948504700000001
100
4.079558699999978
101
7.990554000000003
102
5.125613700000031
103
4.420586399999991
104
5.464590000000044
105
7.757490300000029
106
4.1545867000000385
107
5.9366019999999935
108
8.369586300000037
109
10.804628400000013
110
6.7505758000000355
111
6.973558099999991
112
11.064598799999999
113
14.763009600000032
114
7.393585200000018
115
11.937626899999998
116
9.950321099999996
117
11.535588200000007
118
7.80809279999994
119
12.338589200000001
120
17.049385700000016
121
13.140297000000032
122
10.375606399999924
123
13.263593300000025
124
9.514502799999946
125
9.636548400000038
126
16.936549000000014
127
17.45952280000006
128
13.336617700000033
129
11.453535700000089
130
10.029564600000072
131
12.950555699999995
132
15.558574499999963
133
11.865231300000005
134
13.909528500000079
135
17.925981500000034
136
17.71060419999992
137
23.324599900000067
138
11.211528900000076
139
18.360585799999853
140
31.04855879999991
141
23.444634199999882
142
31.878556400000207
143
36.29557900000009
144
15.398549300000013
145
20.97359080000001
146
34.06664890000002
147
31.62551959999996
148
16.931476700000076
149
14.434534100000064
150
19.493415400000004
