Server 0: 
rpcPort: 52475
mcPort: 45653

1
0.38392110000000024
2
0.186206799999999
3
0.2036591000000012
4
0.1558186000000017
5
0.15718180000000004
6
0.18880350000000057
7
0.20199310000000104
8
0.19971860000000063
9
0.2035885000000004
10
0.1877165000000005
11
0.2335836000000029
12
0.21667739999999824
13
0.2203513000000008
14
0.21721069999999898
15
0.21561860000000266
16
0.21927860000000265
17
0.2324910000000031
18
0.23340140000000176
19
0.23265989999999803
20
0.26172340000000105
21
0.23063310000000214
22
0.20407110000000017
23
0.26422039999999924
24
0.25039050000000174
25
0.24767070000000047
26
0.24732479999999768
27
0.24593340000000197
28
0.2819535999999978
29
0.33998559999999856
30
0.3106460999999996
31
0.3126515000000012
32
0.3247445000000013
33
0.3099008000000012
34
0.32564780000000226
35
0.38980880000000084
36
0.3698149999999991
37
0.3887410999999972
38
0.4313391000000024
39
0.47758550000000355
40
0.9194417999999942
41
0.5171299999999945
42
0.4485608999999968
43
0.5110674999999958
44
0.5295188999999993
45
0.5286423999999954
46
0.6652158999999997
47
0.7095407000000051
48
1.2436685000000054
49
0.664632300000001
50
0.7217071999999973
51
0.7926264999999972
52
1.4076110000000028
53
0.8507338000000004
54
0.7045333000000014
55
0.7783734000000067
56
0.9367012999999957
57
0.9499018000000063
58
0.9466666000000004
59
1.0885303000000022
60
0.9625417999999968
61
0.9731937000000102
62
1.0943395999999979
63
1.3279945999999967
64
1.2916543000000047
65
1.460324799999995
66
1.3587791000000067
67
2.9454636999999906
68
5.9224418999999955
69
1.7505608000000024
70
1.7386193000000105
71
2.233856099999997
72
3.2056180999999953
73
3.398462600000002
74
3.4027186
75
3.490483999999995
76
6.1716947000000175
77
1.9096823000000143
78
5.083292100000023
79
8.2996464
80
5.069824100000005
81
8.345441999999991
82
4.849812799999995
83
7.939881799999995
84
5.331502299999983
85
8.78199330000001
86
5.150757299999981
87
2.9441810000000146
88
2.4146657000000005
89
4.003663199999977
90
9.126676699999962
91
4.8326723999999786
92
11.036533500000019
93
10.0038227
94
5.561055699999997
95
4.12371870000004
96
5.97464100000002
97
7.065574599999991
98
12.818660799999975
99
6.755668800000024
100
9.52970419999997
101
16.656897300000026
102
13.73365419999999
103
17.869643699999983
104
8.086005200000045
105
10.837508400000047
106
18.72270470000001
107
11.79073070000004
108
16.939626399999952
109
15.285823499999992
110
10.590652000000091
111
22.827947300000005
112
12.108742800000073
113
22.96669540000005
114
9.275778999999943
115
25.311865500000067
116
10.558721300000002
117
16.376839700000005
118
12.902377200000046
119
11.819539400000053
120
27.391680399999927
121
15.650617400000101
122
12.009923300000082
123
26.706572199999982
124
25.450804800000014
125
11.78151939999998
126
29.30155240000022
127
17.733923300000015
128
11.050717500000019
129
10.973461999999927
130
16.10883630000012
131
28.33560990000001
132
16.75114050000002
133
13.737800200000038
134
39.77279009999984
135
13.319561000000022
136
35.731311100000084
137
18.257639500000096
138
17.545708699999977
139
33.75244980000002
140
37.827358399999866
141
41.575678700000026
142
43.92816960000005
143
43.41262369999981
144
43.109400299999834
145
17.944034300000112
146
18.752685400000246
147
42.10154850000026
148
24.459450200000447
149
47.68364389999988
150
51.2130487999998
