Server 0: 
rpcPort: 49985
mcPort: 44105

Server 1: 
rpcPort: 40811
mcPort: 51577

1
0.7803765000000009
2
0.29541730000000044
3
0.2937100000000008
4
0.21634579999999914
5
0.3075226000000022
6
0.30743269999999967
7
0.22931580000000196
8
0.30739100000000263
9
0.3053262000000032
10
0.2613929000000006
11
0.3068023000000011
12
0.2596310000000024
13
0.3056510999999986
14
0.2312788000000019
15
0.26137680000000074
16
0.260465700000001
17
0.30859229999999727
18
0.4165099000000012
19
0.24649399999999844
20
0.32158899999999946
21
0.30743460000000056
22
0.27963550000000126
23
0.3385289
24
0.3115559999999995
25
0.32757190000000236
26
0.3573860999999994
27
0.3064721000000006
28
0.38247870000000006
29
0.3861009999999965
30
0.35754200000000225
31
0.3685120000000026
32
0.33934849999999983
33
0.3874031000000002
34
0.35521779999999836
35
0.3981741999999997
36
0.37063280000000276
37
0.4269327999999959
38
0.4620771000000019
39
0.46246969999999976
40
0.39857920000000036
41
0.4024567000000019
42
0.47728619999999466
43
0.4314107000000007
44
0.4824503999999976
45
0.5394401000000002
46
0.6622315999999984
47
0.6804638999999995
48
0.5242872999999975
49
0.543446000000003
50
0.7174796999999984
51
0.5744855999999956
52
0.5684639999999987
53
0.6802842999999967
54
0.6282336000000015
55
0.6055563999999976
56
0.6815408000000005
57
0.6045689999999979
58
0.6884404999999987
59
0.6330413000000021
60
1.173530299999996
61
0.8706109999999967
62
0.8275475999999884
63
1.3076814999999868
64
0.7725222999999914
65
0.9445340000000044
66
1.4474589000000009
67
0.8975667999999928
68
0.9756268000000006
69
1.592534399999991
70
0.917673999999991
71
1.7015382000000017
72
0.9885637999999943
73
1.1812055999999984
74
1.5695479999999975
75
1.1775183000000027
76
1.9445009000000084
77
1.2615562999999952
78
1.8015141999999997
79
3.052498099999994
80
1.4434163000000098
81
3.088453300000012
82
1.644553700000003
83
1.585547699999978
84
2.7665463999999815
85
2.9592896000000053
86
3.1325596000000075
87
2.9305506999999977
88
2.775475599999993
89
1.6184649999999863
90
3.3398467000000096
91
2.8719234000000142
92
2.8245415000000094
93
2.2613530999999796
94
2.3957579000000067
95
5.519997799999999
96
3.7661464999999907
97
1.9821984000000157
98
8.675356100000016
99
4.038275099999993
100
2.4712122999999906
101
6.6919448999999815
102
3.0711734999999862
103
4.716077399999961
104
5.875329899999997
105
6.360399099999995
106
4.672244599999999
107
5.485513899999944
108
10.198092000000031
109
6.479896800000006
110
14.139843399999961
111
7.4594556000000125
112
11.729967999999985
113
9.570466899999985
114
4.889303899999959
115
13.826571399999978
116
11.294442199999992
117
11.162572700000055
118
7.021305400000017
119
12.233225700000048
120
12.17637400000001
121
12.872129599999994
122
10.169563799999992
123
6.170491399999946
124
11.164561999999933
125
11.709520599999905
126
22.412562399999956
127
9.067571799999996
128
10.819340499999953
129
17.345310900000072
130
6.536767199999986
131
12.612486899999908
132
23.554405000000088
133
15.001565000000028
134
12.938575799999967
135
15.148671299999933
136
32.55956440000011
137
16.06725460000007
138
13.232557499999984
139
13.73942890000012
140
21.160614899999928
141
32.13927530000001
142
18.559559099999888
143
31.774522100000013
144
14.954643199999964
145
21.31245949999993
146
28.4115969999998
147
23.112553400000024
148
19.404527700000017
149
27.992625699999962
150
41.379175799999985
