Server 0: 
rpcPort: 55467
mcPort: 47223

1
0.4055177999999984
2
0.17109379999999952
3
0.18567990000000023
4
0.1566352999999996
5
0.14345189999999874
6
0.18564049999999988
7
0.16839339999999936
8
0.1695271999999992
9
0.2170399000000014
10
0.21490220000000093
11
0.1697088000000022
12
0.21738630000000114
13
0.21895220000000037
14
0.24872669999999886
15
0.32758770000000226
16
0.23062980000000266
17
0.21759460000000175
18
0.22963530000000176
19
0.21876920000000055
20
0.26262709999999956
21
0.2157233000000005
22
0.20568370000000158
23
0.2776888999999976
24
0.25263550000000023
25
0.26073669999999893
26
0.31166179999999954
27
0.24666249999999934
28
0.2646626999999988
29
0.2497158000000006
30
0.33868220000000093
31
0.32864199999999855
32
0.373722800000003
33
0.3296278000000008
34
0.34238389999999796
35
0.311690200000001
36
0.37464769999999703
37
0.5596780000000017
38
0.41363469999999936
39
0.39265939999999944
40
0.45270820000000356
41
0.49755640000000056
42
0.44964029999999866
43
0.5446522000000016
44
0.9736796000000041
45
0.6395967999999996
46
0.6416831000000016
47
1.0815933000000015
48
0.6217775999999944
49
0.7412162000000038
50
1.3996487999999943
51
0.8359470999999985
52
0.7392128999999983
53
0.7462565999999953
54
0.7595106999999999
55
0.8363394
56
1.0693502000000024
57
1.0585080000000033
58
1.7136830999999972
59
0.9907102999999893
60
0.9687727000000024
61
1.080499500000002
62
1.1147118000000091
63
1.0027054999999905
64
2.626510400000001
65
1.305560700000001
66
2.7436579000000023
67
2.9906605999999982
68
1.4827129000000099
69
1.4605370000000022
70
2.7737597999999934
71
3.4566707000000036
72
3.0076316999999904
73
3.7046610000000015
74
3.2596604000000013
75
3.8546659000000005
76
2.047650900000008
77
2.227640500000007
78
4.375644299999976
79
2.3946372999999994
80
4.993675199999984
81
2.0977095000000077
82
4.342646400000007
83
3.672647299999994
84
2.573621000000003
85
3.5086406000000068
86
8.272718499999996
87
5.605685800000003
88
5.790704299999987
89
5.406654699999962
90
4.19265740000003
91
5.813643000000013
92
5.490702199999987
93
10.43173889999997
94
7.9404724999999985
95
4.8865624000000025
96
11.238629200000048
97
9.765155200000038
98
5.083703300000025
99
13.713668100000007
100
10.247695799999974
101
13.590582799999993
102
6.248671300000012
103
6.1836476999999945
104
14.40799450000003
105
17.885274900000013
106
7.401612
107
8.473705099999961
108
20.16066169999999
109
7.8056589999999915
110
21.94265100000007
111
9.612691599999948
112
11.765602100000024
113
23.243726100000003
114
12.386691999999925
115
18.342694499999993
116
10.798667499999965
117
19.05165719999991
118
9.009695699999952
119
24.449334800000088
120
17.92764509999995
121
13.978710299999989
122
16.93465409999999
123
12.35459190000006
124
29.332680900000014
125
30.207639799999924
126
22.63565410000001
127
10.963658800000076
128
18.538867099999834
129
19.055657900000142
130
29.816634199999953
131
40.99071839999988
132
36.93466850000004
133
39.910614699999996
134
32.14975279999999
135
13.015781599999855
136
19.8936041999998
137
33.01373250000006
138
37.20167790000005
139
47.65571890000001
140
46.95446879999986
141
38.21345800000017
142
27.531635099999903
143
21.40044910000006
144
29.877006200000324
145
44.4043201999998
146
59.24458579999964
147
46.57967890000009
148
28.395149600000423
149
43.330544700000246
150
55.57973539999966
