Server 0: 
rpcPort: 36343
mcPort: 34999

1
0.39166529999999966
2
0.17382130000000018
3
0.16959389999999885
4
0.2021853999999994
5
0.18561239999999835
6
0.2016360000000006
7
0.15256770000000053
8
0.19847269999999995
9
0.20364069999999934
10
0.16957259999999863
11
0.21655509999999722
12
0.19968839999999943
13
0.21686920000000143
14
0.23370290000000082
15
0.23162029999999945
16
0.21610450000000014
17
0.21767930000000035
18
0.2326498999999984
19
0.28060119999999955
20
0.34373529999999874
21
0.2026192000000009
22
0.2635114999999999
23
0.202644099999997
24
0.24663220000000052
25
0.2614719000000001
26
0.25039329999999893
27
0.2655063999999996
28
0.3135715000000019
29
0.4032367000000008
30
0.29158199999999823
31
0.37119659999999755
32
0.2795386999999998
33
0.3265299000000006
34
0.3096451000000009
35
0.35369739999999794
36
0.7136165999999982
37
0.38863179999999886
38
0.41565780000000174
39
0.3846640000000008
40
0.4614710000000031
41
0.8186011999999963
42
0.6086554000000035
43
0.4955696999999972
44
0.5574419999999947
45
0.5906785000000028
46
1.0456651000000008
47
0.7776180000000039
48
0.682614700000002
49
0.7054480999999981
50
0.9016316000000018
51
0.7766002999999984
52
0.7205281999999968
53
1.7016123000000007
54
0.8249883000000011
55
0.9046674999999951
56
1.9602941999999999
57
1.1695132999999984
58
1.204730699999999
59
1.1295522000000062
60
1.267650599999996
61
0.9703468000000015
62
1.1536246999999946
63
1.1673564000000027
64
1.111611499999995
65
1.1005210000000005
66
2.8532828000000023
67
1.3546464000000071
68
1.342632100000003
69
1.3295406999999955
70
6.715549300000006
71
3.4236683000000028
72
1.678529299999994
73
1.7105924000000101
74
1.5726839999999953
75
1.9214484000000027
76
7.905767999999995
77
3.833564700000011
78
8.783622400000013
79
2.029447900000008
80
1.9777340999999922
81
9.749669799999992
82
3.984698100000003
83
2.212416999999988
84
3.698551899999984
85
2.413628299999999
86
3.545560199999983
87
2.703439199999991
88
9.886672600000026
89
6.793576400000006
90
2.6306572999999958
91
6.622772999999995
92
13.723700800000017
93
16.762877900000035
94
8.693721700000026
95
7.632657699999982
96
18.21608600000002
97
15.032086800000002
98
12.63364519999999
99
8.61542320000001
100
15.509118199999989
101
14.316486300000008
102
20.482653200000073
103
10.043504999999982
104
6.461674199999948
105
17.848607000000015
106
8.503009599999928
107
16.141524499999946
108
21.234690900000032
109
11.697623799999974
110
8.948580300000003
111
11.25367140000003
112
10.337438099999986
113
15.552721099999985
114
7.641984399999956
115
19.983365100000015
116
11.84762539999997
117
14.251469000000043
118
24.44031460000008
119
13.541683899999953
120
19.666142800000102
121
16.847591100000045
122
24.722677700000077
123
22.282338299999992
124
29.792645300000004
125
30.333296999999902
126
43.55767639999999
127
49.21250039999995
128
20.837671799999953
129
28.941658299999972
130
24.80661710000004
131
21.80261829999995
132
35.090546799999856
133
20.243531400000165
134
31.606473099999903
135
22.193683499999906
136
17.836672399999998
137
27.62514729999998
138
23.739522999999963
139
35.45164429999977
140
42.517469399999754
141
21.683193800000026
142
56.514623400000346
143
77.13582080000015
<class 'grpc._channel._InactiveRpcError'>
