Server 0: 
rpcPort: 55993
mcPort: 44235

Server 1: 
rpcPort: 44167
mcPort: 50379

1
0.7315387000000015
2
0.29161419999999794
3
0.2924186999999989
4
0.24655630000000173
5
0.24558439999999848
6
0.24752249999999876
7
0.24856899999999982
8
0.3075292999999988
9
0.30947009999999864
10
0.24955259999999768
11
0.2475871000000005
12
0.25059459999999945
13
0.24859909999999985
14
0.32359849999999923
15
0.2484712999999985
16
0.26139069999999975
17
0.29664049999999875
18
0.3135085999999987
19
0.3104617999999988
20
0.26446909999999946
21
0.2775156999999986
22
0.29366239999999877
23
0.32243210000000033
24
0.3222377999999999
25
0.3425389999999986
26
0.36049560000000014
27
0.3265656000000021
28
0.3415725999999992
29
0.3845425999999996
30
0.4352963999999986
31
0.35561679999999996
32
0.3545866999999987
33
0.3293471000000068
34
0.32668040000000076
35
0.42166819999999916
36
0.37437100000000356
37
0.5105339999999998
38
0.42959410000000275
39
0.4005921999999984
40
0.35249199999999803
41
0.3885809000000009
42
0.5453634999999935
43
0.4305280999999965
44
0.432554599999996
45
0.4345449000000059
46
0.6085396000000003
47
0.5014185999999938
48
0.4816874999999996
49
0.5265792000000005
50
0.46559429999999935
51
0.8605295999999996
52
0.5903478000000035
53
0.8715398000000008
54
0.5596892000000011
55
0.5915025999999983
56
0.6365209000000007
57
0.6225561000000042
58
0.7975963999999962
59
0.8935065000000009
60
0.6845933000000031
61
1.2035334999999918
62
0.884547100000006
63
0.9164918000000029
64
1.2815945000000113
65
0.8856188999999972
66
0.886584599999992
67
0.9695462000000106
68
0.8654168999999996
69
1.5305866000000066
70
0.8444444000000004
71
0.9965449999999976
72
1.0234834000000035
73
1.3235300000000052
74
1.647586099999998
75
1.9835201999999867
76
2.256350299999994
77
2.249533299999996
78
1.827605399999996
79
2.3296524000000005
80
1.4005650000000003
81
1.3363772000000012
82
1.612482
83
1.9335246000000268
84
1.3552299000000119
85
2.92242779999998
86
1.8213858999999957
87
1.5032731999999953
88
1.5595541999999796
89
2.0445002999999815
90
2.4275289999999927
91
2.5085114999999973
92
3.5635322999999914
93
3.1983496000000002
94
3.1995464000000027
95
4.061407799999984
96
3.4816134000000147
97
11.250512799999996
98
2.614559700000001
99
5.846367700000002
100
3.903546199999994
101
4.124572999999998
102
5.0975526
103
6.298612699999978
104
2.7524210000000267
105
4.139825199999962
106
7.41236090000001
107
9.207842000000028
108
7.3363579999999615
109
11.228508200000022
110
11.155000400000006
111
13.249190699999986
112
5.035475700000006
113
10.896513000000027
114
11.4384728
115
6.807518899999991
116
12.31544550000001
117
11.281552900000008
118
9.31706239999994
119
12.292343399999936
120
7.843540800000028
121
7.102515100000005
122
15.268490200000087
123
12.141622299999995
124
18.593031300000007
125
13.303520800000001
126
17.673973599999954
127
21.981375699999944
128
18.180583499999898
129
15.412577300000066
130
19.95131839999999
131
10.132463199999961
132
28.27307380000002
133
12.684584700000073
134
10.572439499999973
135
13.092578100000082
136
20.733622099999934
137
13.764516800000024
138
17.394384000000173
139
10.802165299999842
140
14.901254899999913
141
22.98950949999994
142
23.43051749999995
143
24.01665539999999
144
20.186447299999827
145
19.0056340000001
146
37.68054340000003
147
26.830256199999894
148
14.743490699999938
149
28.99344740000015
150
35.63345490000006
