Processing ...
Server 0: 
rpcPort: 53577
mcPort: 34741

Server 1: 
rpcPort: 41205
mcPort: 39577

1
0.16963789999999968
1
0.18170260000000127
2
0.1626259999999995
2
0.13738969999999995
3
0.15040980000000204
3
0.15022400000000147
4
0.15201139999999924
4
0.15104020000000062
5
0.15216690000000455
5
0.14890730000000119
6
0.14924649999999673
6
0.15673639999999978
7
0.15617650000000083
7
0.1562601000000008
8
0.15606969999999976
8
0.15380120000000375
9
0.16229640000000245
9
0.155796500000001
10
0.16799819999999954
10
0.15593179999999762
11
0.15918960000000126
11
0.16462939999999904
12
0.16807260000000213
12
0.18222360000000037
13
0.1744329000000029
13
0.1716395999999989
14
0.1938348000000012
14
0.1875296999999989
15
0.19062080000000137
15
0.18219600000000113
16
0.19706250000000125
16
0.18954390000000032
17
0.20332799999999907
17
0.20279349999999852
18
0.2098495000000007
18
0.21257169999999803
19
0.21960580000000007
19
0.2312486000000007
20
0.23315630000000453
20
0.23059660000000548
21
0.25751499999999794
21
0.21438930000000056
22
0.260981699999995
22
0.2263378999999972
23
0.23383729999999758
23
0.23713790000000046
24
0.24342829999999793
24
0.24471159999999514
25
0.25793900000000036
25
0.25513420000000764
26
0.27755810000000025
26
0.27360370000000245
27
0.2882320000000007
27
0.28097419999999573
28
0.29876660000000044
28
0.29028470000000084
29
0.3125137000000038
29
0.30174300000000187
30
0.3332487999999998
30
0.3131526000000022
31
0.34608850000000047
31
0.3425177000000019
32
0.39803469999999663
32
0.31422419999999107
33
0.37017409999999984
33
0.33644379999999785
34
0.3757201999999964
34
0.3480248000000046
35
0.38919559999999365
35
0.36302540000000505
36
0.41598200000000674
36
0.36861129999999775
37
0.5196518999999995
37
0.39933599999999814
38
0.4907900999999981
38
0.40820199999999573
39
0.5159777999999946
39
0.42238470000000206
40
0.45749800000000107
40
0.3761286999999953
41
0.40884929999999997
41
0.3749408999999986
42
0.36873369999999994
42
0.33003049999999945
43
0.33725790000000444
43
0.6596359999999919
44
0.4336080999999865
44
0.3836997000000082
45
0.3670278999999965
45
0.37724989999999536
46
0.41942799999999636
46
0.7217783000000111
47
0.7394393999999949
47
0.6408460999999903
48
0.41740649999999846
48
0.4345825999999988
49
0.4359826000000169
49
0.42068140000000653
50
0.7856062000000179
50
0.43751570000000584
51
0.46186540000000775
51
0.4515079999999898
52
0.46357070000000533
52
0.8095954000000063
53
0.5335637000000162
53
0.4805590999999936
54
0.510621300000011
54
0.5990640000000127
55
0.5381476000000163
55
0.47364629999999863
56
0.502293899999998
56
0.5138193999999885
57
0.5372276999999883
57
0.9827972000000074
58
0.5316647000000074
58
0.527531599999989
59
0.6522973000000007
59
0.5852300999999898
60
1.0820150999999925
60
0.6036536000000012
61
0.6342520000000036
61
1.2201637000000147
62
1.1562052000000023
62
0.7266943999999995
63
0.6417490000000043
63
1.0115292000000125
64
1.2114136000000002
64
0.7337438000000134
65
0.6857965000000092
65
0.7788366000000053
66
0.7927143999999942
66
1.2493843000000027
67
1.312746599999997
67
0.7684141000000011
68
0.778496500000017
68
1.3998037000000068
69
1.484938800000009
69
0.8309220999999809
70
0.848427700000002
70
1.1774257000000148
71
1.7021954000000221
71
1.5011049000000014
72
0.8676880000000153
72
0.8649971999999764
73
1.5384452000000124
73
1.5942397999999969
74
1.5715320999999847
74
0.9404329999999845
75
1.6906319999999937
75
1.6673432000000048
76
1.0438286000000119
76
1.0748595000000023
77
2.028216599999979
77
1.3467747999999915
78
1.1988896999999952
78
1.8224309000000005
79
1.8367914000000098
79
1.0870772000000102
80
1.11287489999998
80
2.395102099999974
81
1.9335465999999997
81
1.2244685000000004
82
1.210818900000021
82
1.645475800000014
83
1.6378205999999977
83
1.3053871999999842
84
1.3519937000000084
84
1.339513399999987
85
1.3678472
85
2.5126783999999702
86
2.4541135000000054
86
1.3729986999999824
87
1.4288274000000172
87
2.8814907999999946
88
2.8196130999999696
88
2.614408899999944
89
1.5040334000000257
89
2.741223600000012
90
2.8656553000000144
90
1.506162800000027
91
3.468474100000037
91
1.811314799999991
92
2.9507421000000136
92
1.9812008999999762
93
5.679390199999943
93
1.7941059000000337
94
4.009765900000048
94
3.293783200000007
95
1.9248542999999927
95
1.7943786999999816
96
3.362114199999951
96
3.256616999999949
97
3.4323681000000192
97
4.944558799999982
98
3.18114300000002
98
3.703856999999971
99
1.9219868000000133
99
3.5285678999999277
100
3.8239558000000216
100
2.0476626999999894
101
3.4142053000000487
101
4.052406500000075
102
5.469733799999972
102
2.14302170000002
103
2.4200581999999713
103
4.5848962999999685
104
4.395040399999971
104
2.6627194000000145
105
2.1706967000000077
105
6.478008799999998
106
6.72231830000004
106
3.929411499999958
107
4.8446566000000075
107
10.212090200000034
108
3.40243559999999
108
4.38043140000002
109
4.88021910000009
109
9.63626320000003
110
4.539447699999982
110
4.785484899999915
111
6.270684200000005
111
4.861095699999964
112
4.887377100000094
112
6.4132271999999375
113
4.913415399999963
113
4.400689500000112
114
3.8347146999999495
114
5.688575000000014
115
15.860737099999938
115
4.11883279999995
116
7.392735099999982
116
5.426993799999991
117
5.438250499999981
117
4.925843400000076
118
6.459078500000032
118
9.206535499999973
119
4.365663799999993
119
5.5505324999999175
120
6.347271599999885
120
6.191798799999901
121
4.717486200000053
121
5.48906629999999
122
8.773969700000066
122
6.894824699999958
123
6.893045899999947
123
6.8109071000000085
124
5.782271400000013
124
6.832488199999943
125
8.299474500000088
125
5.540602000000263
126
7.866392000000133
126
7.198215000000118
127
7.728813399999808
127
7.119442700000036
128
6.772436999999854
128
8.26508779999972
129
17.108435899999904
129
6.242832999999791
130
8.811516399999846
130
8.023063000000093
131
8.971929199999977
131
10.697257800000216
132
8.330835499999921
132
10.390299600000162
133
6.764412199999924
133
11.077989399999979
134
11.811525000000074
134
8.162921099999949
135
10.798885300000165
135
10.098263700000189
136
5.95848930000011
136
10.352010700000164
137
11.155950699999948
137
6.305693000000247
138
11.679983700000093
138
12.145540299999993
139
9.96401139999989
139
14.358550200000082
140
10.808344400000124
140
10.101150299999972
141
12.105002700000114
141
11.779420999999957
142
10.598137000000179
142
13.158856800000194
143
14.785500199999888
143
14.403759100000116
144
11.832499300000109
144
13.246929799999862
145
11.008564100000058
145
9.059323699999823
146
11.46899749999966
146
12.302284299999883
147
14.640648500000225
147
12.48370019999993
148
13.370095700000093
148
12.966070299999956
149
15.54590270000017
149
14.673921699999937
150
12.754409800000303
150
15.205608799999936
