Processing ...
Server 0: 
rpcPort: 39217
mcPort: 49837

Server 1: 
rpcPort: 45851
mcPort: 48041

Server 2: 
rpcPort: 60167
mcPort: 41709

Server 3: 
rpcPort: 47721
mcPort: 53465

1
0.11770750000000163
1
0.11904159999999919
1
0.10704940000000107
1
0.11892780000000158
2
0.10000419999999721
2
0.09920279999999693
2
0.09969939999999866
2
0.10143289999999894
3
0.11378329999999792
3
0.10224489999999875
3
0.09862060000000028
3
0.1027395999999996
4
0.10181839999999909
4
0.10188550000000163
4
0.10455779999999848
4
0.10137699999999938
5
0.10262609999999839
5
0.10424499999999881
5
0.10174190000000038
5
0.10283010000000203
6
0.10100550000000297
6
0.09900520000000057
6
0.09999959999999675
6
0.10472180000000009
7
0.10242870000000082
7
0.0999857999999989
7
0.10142810000000324
7
0.10376249999999843
8
0.10406659999999945
8
0.10145389999999921
8
0.10520599999999902
8
0.10471559999999869
9
0.10229079999999868
9
0.10418319999999426
9
0.10306380000000104
9
0.10420190000000673
10
0.1022485999999958
10
0.10425299999999993
10
0.10412480000000102
10
0.10401370000000298
11
0.10962819999999596
11
0.10842319999999717
11
0.11101260000000224
11
0.11667339999999626
12
0.10737660000000204
12
0.10570200000000085
12
0.10703370000000234
12
0.10519770000000506
13
0.1127925999999988
13
0.10792449999999576
13
0.10999869999999845
13
0.10842290000000077
14
0.11921390000000542
14
0.11985689999999494
14
0.11859869999999972
14
0.11624220000000207
15
0.11220989999999631
15
0.1109528999999938
15
0.11165040000000204
15
0.1103116999999969
16
0.1144052000000002
16
0.11356719999999854
16
0.11560860000000162
16
0.11297390000000007
17
0.11590620000000484
17
0.11693269999999956
17
0.11986480000000199
17
0.11700060000000434
18
0.11987299999999834
18
0.12197149999999368
18
0.12192660000000188
18
0.12029950000000156
19
0.121131400000003
19
0.12498430000000127
19
0.1251876999999979
19
0.12425190000000441
20
0.12894630000000262
20
0.12815580000000182
20
0.13060660000000013
20
0.12352839999999787
21
0.13453400000000215
21
0.13423319999999705
21
0.13378409999999974
21
0.1328069000000056
22
0.13989779999999996
22
0.13968789999999842
22
0.14004040000000373
22
0.13901309999999967
23
0.14736979999999988
23
0.14189050000000236
23
0.14674670000000134
23
0.1469491000000005
24
0.15511419999999987
24
0.14877260000000092
24
0.12068010000000129
24
0.12229740000000078
25
0.1596334999999982
25
0.12250339999999937
25
0.1259547000000012
25
0.1256099000000006
26
0.23835970000000373
26
0.1226039999999955
26
0.12474609999999586
26
0.12803300000000206
27
0.1940799999999996
27
0.1907502999999977
27
0.1901663999999954
27
0.19052159999999674
28
0.1700015999999991
28
0.14604699999999582
28
0.15538209999999708
28
0.1503706999999963
29
0.16876939999999507
29
0.15229699999999724
29
0.1612538999999984
29
0.15961729999999363
30
0.18502519999999834
30
0.17421140000000435
30
0.1668149999999997
30
0.1810641000000004
31
0.18492729999999824
31
0.15355300000000227
31
0.16987710000000078
31
0.16654979999999853
32
0.19550470000000075
32
0.15762119999999413
32
0.1736803000000009
32
0.1742777999999987
33
0.20108559999999898
33
0.16192680000000337
33
0.20182070000001318
33
0.19382230000000789
34
0.22080809999999929
34
0.19653130000000374
34
0.18165470000000994
34
0.18985750000000223
35
0.20568439999999555
35
0.1754946000000075
35
0.20620910000000947
35
0.19152029999999343
36
0.21481860000000097
36
0.2179848999999905
36
0.1998954000000026
36
0.20560010000001228
37
0.22661709999999857
37
0.2129620999999986
37
0.2052670000000063
37
0.21202649999999323
38
0.23508030000000701
38
0.2074171000000007
38
0.22540469999999857
38
0.2310279999999949
39
0.2411356000000069
39
0.20433359999999823
39
0.19713240000000098
39
0.21748909999999455
40
0.26301420000000064
40
0.21741269999999702
40
0.2388337000000007
40
0.22773519999999792
41
0.2267662999999942
41
0.21958270000000368
41
0.19518569999999613
41
0.2099728999999968
42
0.2089349000000027
42
0.2058663999999908
42
0.226815000000002
42
0.24849129999999775
43
0.2592769999999973
43
0.2576616000000058
43
0.307445400000006
43
0.2786668999999904
44
0.31925599999999577
44
0.3111839000000032
44
0.3029170000000079
44
0.338195099999993
45
0.3320317000000017
45
0.3228646000000026
45
0.31139609999999607
45
0.35029819999999745
46
0.3518595000000033
46
0.34001659999999845
46
0.3054831999999976
46
0.35241349999999727
47
0.3695083000000068
47
0.357607399999992
47
0.32550299999999766
47
0.35380130000000065
48
0.37020069999999805
48
0.3192803999999967
48
0.31676559999999654
48
0.36621590000000026
49
0.355574500000003
49
0.3300650000000047
49
0.32347260000000233
49
0.37812409999999375
50
0.39022190000000023
50
0.34466390000000047
50
0.3314043999999967
50
0.4384419999999949
51
0.3718094999999977
51
0.3516733999999957
51
0.3436443999999881
51
0.37682310000000996
52
0.381822200000002
52
0.38389380000000983
52
0.3499328999999989
52
0.3144900000000064
53
0.3789523000000088
53
0.2964330000000075
53
0.3634768999999949
53
0.43424890000000005
54
0.40183950000000834
54
0.4176234999999906
54
0.3977531999999968
54
0.4319976999999966
55
0.4014413000000019
55
0.4227598999999884
55
0.41984720000000664
55
0.42877450000000294
56
0.4138668000000081
56
0.43864409999999054
56
0.3933961000000039
56
0.4317783999999989
57
0.4284074999999916
57
0.4486124000000018
57
0.4087302000000079
57
0.44662319999999056
58
0.4577625000000012
58
0.45182570000000055
58
0.4128519999999867
58
0.45502100000001633
59
0.49841390000000274
59
0.5022518000000105
59
0.47402940000000626
59
0.5363069999999936
60
0.5915948999999898
60
0.5858484999999973
60
0.6187941000000023
60
0.6000515000000064
61
0.6043350000000203
61
0.5486324999999965
61
0.40890379999999027
61
0.4085737999999992
62
0.44746090000001004
62
0.44061109999998394
62
0.5970929000000069
62
0.7542593999999951
63
0.7012064999999836
63
0.7016178000000082
63
0.5662364000000082
63
0.6704630000000122
64
0.6325471000000107
64
0.713225599999987
64
0.5716362999999944
64
0.7193270000000211
65
0.6370143999999982
65
0.6156080000000088
65
0.5842535000000169
65
0.683008000000001
66
0.6974199999999939
66
0.641704500000003
66
0.5990314000000012
66
0.7351855
67
0.6762468999999953
67
0.6910094000000129
67
0.628314099999983
67
0.7622181000000126
68
0.6984194000000059
68
0.4996678999999915
68
0.5340807999999981
68
0.5517992000000049
69
0.5475238999999874
69
0.7998637999999971
69
0.7206266999999968
69
0.8739424000000042
70
0.8090798000000063
70
0.7199719000000186
70
0.6573563999999976
70
0.8106681000000151
71
0.817198000000019
71
0.7394859999999994
71
0.7388334999999984
71
0.8608371999999918
72
0.7890326999999786
72
0.7468002999999896
72
0.7110544999999888
72
0.8753660999999795
73
0.8372050000000115
73
0.7784454000000096
73
0.853051100000016
73
0.6485777000000041
74
0.6181552999999838
74
0.617204700000002
74
0.7057643999999925
74
1.0562698999999895
75
0.9859180999999921
75
0.9871886999999901
75
0.8234348999999952
75
0.9617871000000093
76
1.0312046000000237
76
1.0105482999999822
76
0.9148257000000228
76
1.1923992000000112
77
0.9843514000000084
77
0.9718043999999963
77
0.93334329999999
77
1.1401509999999746
78
1.2058507000000134
78
0.9942393000000038
78
0.7530170999999939
78
0.8012032999999974
79
0.7423074999999812
79
1.025965900000017
79
1.1552137000000187
79
1.1957613000000151
80
1.186195199999986
80
1.2466213000000153
80
1.0111102000000187
80
1.2786497000000168
81
1.1097642999999948
81
1.0847537999999872
81
1.1129325999999935
81
1.3533990000000244
82
1.1769046000000003
82
1.1497676000000183
82
0.8036392999999862
82
0.8926946999999927
83
0.8898942999999804
83
1.0863882000000444
83
1.3164269000000104
83
1.3039463000000069
84
1.4614366999999788
84
1.1380396000000133
84
1.1018186000000014
84
1.3594425
85
1.2288300000000163
85
1.2036714000000188
85
1.1676406999999926
85
1.3391545000000065
86
1.263555399999973
86
0.9673872000000188
86
1.0432296000000179
86
1.3849685000000136
87
1.305531999999971
87
1.3666472999999542
87
1.167843199999993
87
1.4170237000000157
88
1.2951775999999882
88
1.3570300000000088
88
1.2416948000000048
88
1.4991505000000416
89
1.3507053999999812
89
1.31187570000003
89
1.0028144999999995
89
1.199956200000031
90
1.0685975000000099
90
1.3480198000000314
90
1.3272653000000219
90
1.5162247000000093
91
1.5422027000000185
91
1.4409729999999854
91
1.7065486000000192
91
1.6471857999999884
92
1.6370474999999942
92
1.4761282999999707
92
1.1560457999999585
92
1.204210200000034
93
1.15096699999998
93
1.9214483000000087
93
1.5920355999999742
93
1.805744700000048
94
2.0030350000000112
94
1.853615599999955
94
1.6463312999999857
94
2.1197235000000205
95
1.224137599999949
95
1.2195843999999738
95
1.1991919999999823
95
2.348249199999998
96
1.7819968999999674
96
1.6347547000000304
96
1.8618703999999866
96
1.6826861999999778
97
1.2518870000000106
97
2.0188256000000138
97
1.2552426999999966
97
1.3978870000000256
98
1.33559919999999
98
1.2566319999999678
98
1.6924080000000004
98
1.4848395999999866
99
1.9580164000000195
99
1.7952261000000362
99
2.320047699999975
99
1.7277061000000344
100
1.38085209999997
100
1.5415107000000035
100
1.356529500000022
100
1.2562493000000359
101
1.9012086000000181
101
2.168994199999986
101
1.8680347000000097
101
2.2507254000000216
102
2.227214600000025
102
1.415075399999978
102
1.4194457999999486
102
1.5718878000000132
103
1.2976223000000005
103
2.564816399999984
103
2.1157210999999734
103
2.4144426000000294
104
2.168003800000008
104
1.9780910000000063
104
1.5529325999999628
104
1.6918314000000123
105
1.6364643
105
1.6543583000000126
105
1.9760112000000163
105
2.584645099999989
106
2.2638762999999926
106
2.157205900000008
106
1.6507073000000219
106
1.7712548999999171
107
1.6893022000000428
107
1.614375500000051
107
2.402618600000096
107
2.7381238000000394
108
1.8628782000000683
108
2.3473870999999917
108
1.7440523000000212
108
2.149866000000088
109
1.7674185000000762
109
1.6929353000000447
109
2.922472599999992
109
3.2948853000000327
110
2.8149611999999706
110
1.8214612000000443
110
1.8665196000000606
110
2.1026937999999973
111
1.9113178999999718
111
1.8864929000000075
111
2.365378200000009
111
2.9608501999999817
112
2.060813899999971
112
1.8406486999999743
112
1.881936900000028
112
1.7194465000000037
113
1.742232700000045
113
1.6950806000000966
113
3.420852400000058
113
2.1480993000000126
114
1.9978383000000122
114
1.9114564999999857
114
2.982455899999991
114
3.4930360999999266
115
3.1552562999999054
115
3.0284517999999707
115
2.189674000000082
115
2.2295897000000195
116
2.40947349999999
116
3.4658858000000237
116
3.4411848999999393
116
2.2922340000000077
117
2.1589918999999327
117
2.016221200000018
117
2.178628900000035
117
2.052876699999956
118
2.2251306999999088
118
3.0795090999999957
118
2.244807700000024
118
2.3818057000000863
119
2.8613301999999976
119
2.919069200000081
119
3.5824993999999606
119
2.4334875999999213
120
2.2596538000000237
120
2.5250343000000157
120
2.1222298000000137
120
4.033258000000046
121
2.721498199999928
121
2.213368399999922
121
2.398598199999924
121
2.8996426999999585
122
2.0691670999999587
122
3.61936860000003
122
2.7477102999999943
122
2.6156151999999793
123
2.5812909999999647
123
2.37427880000007
123
3.3762098999999353
123
4.489407299999925
124
2.5750093000000334
124
2.57069290000004
124
3.3857450000000426
124
3.0098301000000447
125
2.746741899999961
125
2.6582956999999396
125
2.600252800000021
125
3.4254326999999876
126
6.276452999999947
126
2.7839586000000054
126
2.7783160999999836
126
3.193420099999912
127
3.4560725999999704
127
3.5942441999999346
127
2.8189733000000388
127
2.851486500000078
128
3.0119750000000067
128
2.6714120999999977
128
3.131820100000027
128
2.92285430000004
129
2.8275473999999576
129
3.2874007000000347
129
3.3863748999999643
129
2.9698112999999466
130
3.0958091999998487
130
2.689806299999873
130
3.788464299999987
130
3.014057399999956
131
3.266611799999964
131
2.779904199999919
131
3.0670754999998735
131
3.83768740000005
132
3.6211192000000665
132
3.4590563000001566
132
5.190863400000126
132
3.1397371000000476
133
3.088158999999905
133
2.92664660000014
133
4.5448560999998335
133
3.3288314000001265
134
3.44489939999994
134
2.8950598999999784
134
5.311582500000213
134
3.2791830000001028
135
3.3306698999999753
135
2.9668593999999757
135
5.1212258000000475
135
3.346030900000187
136
3.2573055000000295
136
3.0658386999998584
136
5.703072099999872
136
3.4278450000001612
137
3.7392216000000644
137
5.495828399999937
137
3.6752701999998862
137
3.884281299999884
138
3.4444018000001506
138
3.432812399999875
138
3.656463700000131
138
3.83368570000016
139
3.7309854999998606
139
3.893088999999918
139
4.083463800000118
139
4.274832800000013
140
4.103016699999898
140
3.6450221000000056
140
4.11632469999995
140
4.645240100000137
141
4.761571799999956
141
3.406449500000008
141
3.8282399999998233
141
4.510364100000061
142
3.946263399999907
142
4.199667900000122
142
5.072271799999953
142
4.102000500000031
143
3.8679012000000057
143
4.260100800000146
143
3.9255037000000357
143
4.108017600000039
144
4.51413679999996
144
3.6131522000000587
144
4.264658099999906
144
4.633647900000142
145
4.4938306999999895
145
3.9055197000000135
145
4.072027999999818
145
4.403172700000141
146
4.085195500000054
146
4.111466299999847
146
4.138643900000034
146
4.204700399999865
147
4.18113100000005
147
3.8918473000001086
147
4.160641500000111
147
4.859720000000152
148
4.206302600000072
148
3.972068699999909
148
4.2164904999999635
148
4.443412200000012
149
4.33990330000006
149
4.034393600000158
149
4.362633899999992
149
4.48881879999999
150
4.350785899999892
150
4.322769699999981
150
4.532597299999907
150
4.589755700000069
