Processing ...
Server 0: 
rpcPort: 49613
mcPort: 43437

Server 1: 
rpcPort: 45847
mcPort: 39441

1
0.1736424999999997
1
0.17713789999999818
2
0.16317929999999947
2
0.14966900000000294
3
0.15282729999999844
3
0.14739159999999885
4
0.1504247999999997
4
0.15295640000000077
5
0.15223559999999736
5
0.15173389999999998
6
0.14962179999999847
6
0.15059749999999994
7
0.15646100000000018
7
0.15377459999999843
8
0.1552216000000044
8
0.15160450000000125
9
0.15768879999999896
9
0.15572160000000324
10
0.16083040000000182
10
0.15551169999999814
11
0.15856369999999842
11
0.1654106000000013
12
0.1618358999999998
12
0.16194999999999737
13
0.16639490000000023
13
0.17028379999999288
14
0.19021159999999782
14
0.1871372999999963
15
0.17507209999999418
15
0.17561330000000197
16
0.180791499999998
16
0.1785667999999987
17
0.19007179999999835
17
0.18376010000000065
18
0.19411920000000293
18
0.19624510000000583
19
0.20075239999999894
19
0.20406769999999597
20
0.20911840000000126
20
0.212145900000003
21
0.22316799999999404
21
0.2273424999999989
22
0.22721229999999792
22
0.22840660000000668
23
0.23916820000000172
23
0.22927889999999707
24
0.22823029999999989
24
0.23993469999999917
25
0.2377204000000006
25
0.25757229999999964
26
0.2499715000000009
26
0.26361449999999564
27
0.2627939999999924
27
0.27522409999999553
28
0.2758573999999996
28
0.29033109999999596
29
0.28533279999999905
29
0.30215880000000794
30
0.30600970000000416
30
0.3209911999999946
31
0.3151882000000015
31
0.33397219999999805
32
0.33097189999999443
32
0.36107510000000076
33
0.41593710000000783
33
0.3873962999999989
34
0.3491900000000001
34
0.3390081000000009
35
0.3683626999999987
35
0.3579119999999989
36
0.3936102000000048
36
0.367624499999998
37
0.4193525999999963
37
0.4025472000000079
38
0.42109860000000765
38
0.4174667999999997
39
0.47369960000000333
39
0.433690299999995
40
0.4627370000000042
40
0.45709509999998943
41
0.48877200000001153
41
0.5177918999999918
42
0.5498129999999861
42
0.5285172000000102
43
0.37962640000000647
43
0.36371489999999085
44
0.3525960999999995
44
0.3584375999999878
45
0.6608683999999982
45
0.3993569000000008
46
0.4576609000000076
46
0.4121996000000081
47
0.42482200000000603
47
0.5999452000000076
48
0.41284060000000977
48
0.45138590000000534
49
0.43650829999999985
49
0.5405532000000193
50
0.47384729999998854
50
0.705182100000016
51
0.4226569000000069
51
0.4438058000000069
52
0.47163899999999614
52
0.4355693000000116
53
0.47157050000001277
53
0.4761828000000037
54
0.7340662000000009
54
0.49977519999998776
55
0.5035716000000008
55
0.48019840000000613
56
0.49562300000000903
56
0.49077110000000346
57
0.872964400000015
57
0.5323852000000215
58
0.557263799999987
58
0.537605599999992
59
0.6200300999999939
59
0.5848701999999975
60
0.877847200000005
60
1.051056299999999
61
0.6163589000000087
61
0.6104106000000087
62
1.2398810000000111
62
1.030335799999989
63
0.7578829999999925
63
0.6461565000000178
64
0.7462912000000017
64
0.7636321000000095
65
1.2640638999999965
65
1.2004776999999933
66
0.7274682999999698
66
0.7444032999999877
67
1.3728480000000047
67
1.4166754000000026
68
0.7658892000000037
68
1.2543900000000008
69
0.9024778999999796
69
1.4088626000000204
70
1.5869614999999726
70
1.2672197999999923
71
0.8560020000000179
71
0.8512941000000183
72
1.7038106000000255
72
1.1203918999999871
73
0.9078160999999625
73
0.8986083000000065
74
1.2586952999999994
74
1.031207299999977
75
1.4712311000000113
75
1.5384645999999975
76
1.0441073000000074
76
1.6912612999999794
77
1.9884349999999813
77
1.6862269000000083
78
3.767922800000008
78
2.475427200000013
79
1.8069238999999868
79
1.7047527999999943
80
1.1020962000000338
80
1.216899500000011
81
2.1606481000000315
81
1.8271311000000026
82
1.2305479999999989
82
1.2165688999999986
83
1.4848890000000097
83
1.819071000000008
84
1.671052599999996
84
2.3661500999999987
85
1.3658556999999973
85
2.5009221000000252
86
2.175892900000008
86
2.301974200000018
87
1.3949170999999296
87
1.357600600000012
88
3.107713399999966
88
1.5359445999999934
89
2.356614699999909
89
2.9399188999999524
90
1.4661055999999348
90
1.5045270000000528
91
3.5084384000000455
91
2.512332699999945
92
2.691378400000019
92
6.508644800000013
93
4.748542199999974
93
2.970402799999988
94
3.0062384000000293
94
1.9843040999999744
95
1.9247640999999476
95
3.6757193000000257
96
3.6236275000000546
96
3.405110499999921
97
1.9323732999999947
97
3.4340091000000825
98
4.495656899999972
98
5.763280299999963
99
2.9346628000000123
99
3.018128099999956
100
3.333443700000032
100
3.945784799999956
101
5.115619000000038
101
2.9276678999999604
102
3.8727224000000433
102
5.1570570999999745
103
3.3847489000000337
103
6.863530299999923
104
3.963725000000011
104
4.531574599999999
105
7.783621100000005
105
5.371241400000031
106
5.102016699999922
106
4.192030800000111
107
3.092721900000015
107
8.279081100000099
108
4.458774399999925
108
5.329760599999872
109
8.096408699999984
109
6.04211829999997
110
4.843062600000053
110
5.99913289999995
111
6.633223799999996
111
4.636639699999932
112
4.970149199999923
112
5.621868000000063
113
5.604023999999981
113
5.4777487000000065
114
4.604152800000065
114
5.7870901
115
5.9958676999999625
115
8.079946899999982
116
5.270641100000034
116
6.345761300000049
117
5.8289356000000225
117
5.95775209999988
118
4.672985200000085
118
7.257368100000008
119
5.418364899999915
119
4.554821899999979
120
5.027878100000066
120
7.157651300000111
121
6.270873999999935
121
5.038403099999982
122
4.0681575999999495
122
7.810074699999973
123
8.776713299999983
123
6.881058800000005
124
8.99084520000008
124
7.825008099999991
125
5.578487999999993
125
7.433522699999912
126
7.886073700000225
126
10.016374900000073
127
15.572357600000032
127
7.538420700000188
128
10.461685599999782
128
8.813388399999894
129
6.407549100000097
129
9.910037200000033
130
8.568709700000227
130
8.466303000000153
131
6.725071099999923
131
8.354759599999852
132
8.835437399999819
132
10.448609300000044
133
5.7167717000002085
133
9.65265270000009
134
8.578246399999898
134
8.987494600000218
135
8.586839699999928
135
8.75836309999977
136
11.88792639999997
136
11.086983299999929
137
19.57487419999984
137
9.028459999999995
138
10.821076299999959
138
11.060014200000069
139
10.875440600000047
139
10.25481479999985
140
12.02754159999995
140
13.673619600000166
141
10.775874299999941
141
11.213859499999899
142
10.567378600000211
142
20.213575599999785
143
10.777955799999972
143
10.87552740000001
144
13.308565799999997
144
13.0902415999999
145
11.752800900000011
145
13.517839800000274
146
11.627051700000266
146
14.586988100000326
147
12.130126999999902
147
13.813364199999796
148
14.490943699999661
148
13.287495200000194
149
14.535179000000426
149
12.797290100000282
150
14.933638299999984
150
16.32202839999991
