Processing ...
Server 0: 
rpcPort: 53701
mcPort: 39481

Server 1: 
rpcPort: 37765
mcPort: 58157

Server 2: 
rpcPort: 36043
mcPort: 49979

Server 3: 
rpcPort: 36581
mcPort: 37231

1
0.11996930000000106
1
0.11630600000000157
1
0.11870929999999902
1
0.11140659999999869
2
0.10057760000000115
2
0.09927270000000021
2
0.09864659999999859
2
0.10206519999999841
3
0.10403510000000082
3
0.09680769999999939
3
0.10275350000000216
3
0.1021560000000008
4
0.10170400000000157
4
0.10009140000000016
4
0.10111060000000194
4
0.09831920000000238
5
0.10342130000000083
5
0.10651160000000104
5
0.10473700000000008
5
0.1041786000000009
6
0.10243230000000025
6
0.10212119999999913
6
0.09994329999999962
6
0.10082640000000254
7
0.10831429999999997
7
0.10140689999999708
7
0.10303950000000128
7
0.10207420000000056
8
0.10509490000000099
8
0.1018150999999996
8
0.10161940000000058
8
0.10161009999999848
9
0.10156290000000112
9
0.1003122999999988
9
0.1027598999999988
9
0.10410859999999644
10
0.10452669999999387
10
0.10414099999999848
10
0.10366549999999819
10
0.10430489999999537
11
0.11697610000000225
11
0.10875529999999856
11
0.12537340000000086
11
0.11003939999999801
12
0.10458059999999847
12
0.10737000000000307
12
0.10683609999999533
12
0.10966630000000066
13
0.1084479000000016
13
0.1114095000000006
13
0.11048060000000248
13
0.11400030000000072
14
0.12101539999999744
14
0.1207987000000017
14
0.12295409999999407
14
0.11742679999999694
15
0.11196830000000091
15
0.11753140000000428
15
0.11454890000000262
15
0.11500800000000311
16
0.11109609999999748
16
0.11382309999999762
16
0.1173396000000011
16
0.11919650000000104
17
0.11657989999999785
17
0.11740420000000285
17
0.11937859999999745
17
0.11897370000000507
18
0.11919670000000337
18
0.12265010000000132
18
0.11745709999999576
18
0.12492419999999527
19
0.12149130000000241
19
0.12555889999999437
19
0.12753610000000037
19
0.12676619999999872
20
0.1259274000000019
20
0.1292517999999987
20
0.1316537000000011
20
0.13182259999999957
21
0.1322892999999965
21
0.13778039999999692
21
0.13646620000000098
21
0.13790350000000018
22
0.1376044999999948
22
0.1432502000000042
22
0.24783869999999553
22
0.1415122000000011
23
0.14400499999999994
23
0.14705639999999676
23
0.12559199999999748
23
0.15141409999999667
24
0.14981819999999857
24
0.15663949999999716
24
0.12122269999999702
24
0.1381372999999968
25
0.18964160000000163
25
0.13058449999999766
25
0.11770769999999686
25
0.13109499999999485
26
0.13514430000000033
26
0.13363899999999518
26
0.12643529999999714
26
0.134459200000002
27
0.19705169999999583
27
0.1973838999999984
27
0.19329890000000205
27
0.1873574999999974
28
0.1760051000000047
28
0.1551225000000045
28
0.1538495999999938
28
0.14963419999999417
29
0.2814649999999972
29
0.16271760000000057
29
0.15015840000000225
29
0.15295330000000007
30
0.17098800000000125
30
0.17455050000000227
30
0.16830910000000188
30
0.1636917000000011
31
0.16911050000000216
31
0.17046610000000584
31
0.1618883000000011
31
0.17021520000000123
32
0.16581589999999835
32
0.1769968999999989
32
0.16885469999999714
32
0.1633429000000035
33
0.1742483999999962
33
0.18138460000000123
33
0.20067989999999725
33
0.19212799999999675
34
0.21389179999999897
34
0.20638329999999883
34
0.1852270000000118
34
0.17692900000000122
35
0.1880449000000084
35
0.18838139999999726
35
0.21141940000001114
35
0.17698559999999475
36
0.1848799999999926
36
0.19388290000000552
36
0.18702830000000858
36
0.18542759999999703
37
0.19760769999999184
37
0.19973950000000684
37
0.20400740000000894
37
0.1864970000000028
38
0.20705829999999992
38
0.20896349999999586
38
0.21851789999999482
38
0.19477489999999875
39
0.22581080000000497
39
0.2247342999999944
39
0.22254420000000152
39
0.21162710000000118
40
0.22574670000000197
40
0.20994670000000326
40
0.21415509999999927
40
0.22514199999999107
41
0.24211980000001176
41
0.21830060000000628
41
0.20696800000000337
41
0.1948392000000041
42
0.19419940000000224
42
0.1992050000000063
42
0.23256220000000383
42
0.2582108999999946
43
0.23853940000000762
43
0.2668327999999889
43
0.26155579999999645
43
0.24428509999999903
44
0.2953088000000008
44
0.3112310000000065
44
0.3184348000000057
44
0.29295689999999297
45
0.3028905000000037
45
0.31518179999999063
45
0.3290728999999999
45
0.29307839999999885
46
0.32295530000000383
46
0.3744171000000023
46
0.33312999999999704
46
0.3057830999999993
47
0.32239829999998904
47
0.3209310999999957
47
0.32340630000000203
47
0.33969260000000645
48
0.3729690999999917
48
0.3503903000000008
48
0.34587419999999724
48
0.30687679999999773
49
0.3183030999999943
49
0.34458720000000653
49
0.35684409999998934
49
0.31414369999998826
50
0.32733280000000775
50
0.3537914999999998
50
0.35861600000001204
50
0.3232117999999957
51
0.33581060000000207
51
0.3815924000000024
51
0.3663780999999915
51
0.3229319000000004
52
0.3339268999999945
52
0.3692227000000088
52
0.3734269999999924
52
0.40075709999999276
53
0.382837600000002
53
0.3053416999999996
53
0.30278330000000153
53
0.28868190000000027
54
0.33939990000000364
54
0.40280600000001243
54
0.453107899999992
54
0.38756530000000566
55
0.39344270000000847
55
0.4586777999999896
55
0.4074592999999993
55
0.39534290000000283
56
0.40422519999999906
56
0.4092559999999992
56
0.4122162999999972
56
0.39500739999999723
57
0.41655250000000876
57
0.4256407000000024
57
0.43009560000000135
57
0.3865294000000006
58
0.43557400000000257
58
0.44404289999999946
58
0.4425880999999947
58
0.4045342000000005
59
0.5388221999999985
59
0.5778383999999903
59
0.479108100000019
59
0.4411215000000084
60
0.5468026000000066
60
0.536507499999999
60
0.5587939999999776
60
0.5932439999999986
61
0.5558431999999982
61
0.6074696999999958
61
0.6202521000000161
61
0.5232685000000004
62
0.43742149999999924
62
0.4377847000000088
62
0.43715940000001297
62
0.5510228999999924
63
0.5600565999999958
63
0.6828644999999938
63
0.6638741000000152
63
0.5750458999999921
64
0.5827126000000078
64
0.7227033000000063
64
0.7459024000000056
64
0.6062768000000176
65
0.7216325999999924
65
0.639231499999994
65
0.6654905999999983
65
0.5937097999999992
66
0.6326790000000244
66
0.6320209000000148
66
0.6487699999999847
66
0.5882337999999834
67
0.6294896999999935
67
0.6752036000000032
67
0.724975900000004
67
0.6172282999999936
68
0.6838575999999819
68
0.7330275000000199
68
0.5293086000000073
68
0.486077999999992
69
0.543189400000017
69
0.531336600000003
69
0.769290600000005
69
0.7390326000000016
70
0.7577674000000059
70
0.8053953000000149
70
0.7427948999999785
70
0.8360927999999888
71
0.7145105999999828
71
0.912722599999995
71
0.7991830999999934
71
0.7063322000000198
72
0.7369787000000088
72
0.802804899999984
72
0.7859623999999883
72
0.7144363999999825
73
0.7410145999999997
73
0.8471263000000135
73
0.7898231000000067
73
0.745679899999999
74
0.7836809000000073
74
0.6147660999999971
74
0.6213525999999945
74
0.647977300000008
75
0.8387931999999978
75
1.067663400000015
75
0.8901990999999896
75
0.8156409000000053
76
0.9868449999999882
76
1.0243119999999806
76
1.1218582999999853
76
0.9320715000000064
77
1.0351819999999918
77
1.001187299999998
77
1.054117099999985
77
0.9886327999999764
78
0.9996424999999931
78
1.173813800000005
78
1.1486194999999952
78
0.7114235999999892
79
0.759553799999992
79
0.7546729000000028
79
1.0998427000000106
79
1.126299099999983
80
1.139510400000006
80
1.0974865999999963
80
1.2415462999999818
80
0.9632665000000031
81
1.1224733999999899
81
1.1542206999999962
81
1.110806700000012
81
1.1043960000000084
82
1.0828446999999812
82
1.1354475000000264
82
1.117776899999967
82
1.0427762000000484
83
0.8550625999999966
83
0.9004191000000219
83
0.8498397000000182
83
1.1444437999999764
84
1.1654783999999836
84
1.4604658000000086
84
1.1513075999999955
84
1.149623799999972
85
1.1780937999999992
85
1.2897133999999824
85
1.318391800000029
85
1.099653499999988
86
1.2856184999999982
86
1.2679569000000015
86
1.2934839000000125
86
0.8721692999999959
87
0.9585938999999826
87
0.9675785000000019
87
1.260750900000005
87
1.151547800000003
88
1.243402700000047
88
1.6244389999999953
88
1.2972334999999475
88
1.221912400000008
89
1.2820401000000174
89
1.334798400000011
89
1.3794922999999812
89
1.2319952999999941
90
1.324035399999957
90
1.145552900000041
90
1.009734700000024
90
1.3428592000000208
91
1.4399090999999657
91
1.491087900000025
91
1.5906742999999892
91
1.428703999999982
92
1.7196725000000015
92
1.6702624000000128
92
1.8799437000000125
92
1.4200463999999897
93
1.1714091000000053
93
1.1459767999999713
93
1.1485951999999884
93
1.093645600000002
94
1.2259450000000243
94
1.2061238000000003
94
1.7640124000000128
94
1.688077299999975
95
1.6425188000000048
95
1.7169827999999825
95
1.1643063999999868
95
1.1611710000000244
96
1.2562537999999677
96
1.2226675
96
1.3404220999999552
96
1.179083500000047
97
1.2401527999999757
97
1.2300451000000407
97
1.069582099999991
97
1.7149043000000006
98
1.7838985999999863
98
1.8542974000000072
98
1.2999417999999991
98
1.2731990999999994
99
1.438243199999988
99
1.3498713999999836
99
1.2800436999999647
99
1.6882032999999979
100
1.7829393000000096
100
2.3715263999999934
100
1.29422459999995
100
1.2144463999999857
101
1.4464490999999953
101
1.5721057000000087
101
1.4328572000000008
101
1.7249757000000159
102
2.605791799999963
102
1.977605399999959
102
2.23122810000001
102
1.785874999999976
103
2.5143889000000286
103
1.4755796000000032
103
1.4495642999999632
103
1.4254430999999954
104
1.406227900000033
104
1.6651445999999623
104
2.238673199999994
104
1.5618036999999845
105
2.0541681999999923
105
1.575012500000014
105
1.559120900000039
105
1.4576964999999973
106
1.6294725999999287
106
1.5319627000000082
106
2.1441850999999588
106
2.1134313999999677
107
2.5293679999999767
107
2.303951999999981
107
1.6686070999999174
107
1.5317937999999458
108
2.1654647000000296
108
1.6490135000000237
108
3.234371900000042
108
2.195510000000013
109
2.4963284000000385
109
1.7773045999999795
109
1.7364368999999442
109
1.6954726000000164
110
1.9494796999999835
110
2.947239599999989
110
2.3702571000000034
110
2.6006497999999283
111
2.4150549000000865
111
1.9188844999999901
111
1.8450376999999207
111
1.8854253000000654
112
1.661844599999995
112
3.569649400000003
112
1.7429912000000058
112
2.2688309999999774
113
1.9948623999999882
113
2.0426459999999906
113
1.8589542999999367
113
1.7796551999999792
114
2.107138700000064
114
3.3347185999999738
114
3.3597087000000556
114
1.7774296999999706
115
2.308465299999966
115
2.3016567000000805
115
2.9952564999999822
115
1.7840192999999545
116
1.8579581999999846
116
2.652751399999943
116
2.012021900000036
116
1.912037400000031
117
2.338726999999949
117
1.9778804999999693
117
2.102656300000035
117
1.943918300000064
118
2.2322728000000325
118
2.2249378999999863
118
2.247258800000054
118
1.7622175000000198
119
2.2772029000000202
119
3.7394903000000568
119
2.1424674999999525
119
2.016404400000056
120
2.3419063999999707
120
2.5862425999999914
120
3.336782699999958
120
2.042206100000044
121
2.3859619999999495
121
2.537277900000049
121
2.1666470000000118
121
2.8240588999999545
122
4.143865300000016
122
3.2969165999999177
122
2.215035000000057
122
2.136012199999982
123
2.775875400000018
123
3.912716400000022
123
2.8240324999999302
123
2.243056200000069
124
2.7743679999999813
124
2.839130999999952
124
2.929247000000032
124
2.3762060999999903
125
3.073468700000035
125
2.8282577999999603
125
2.479382200000032
125
4.651004700000044
126
2.862341299999912
126
2.7529281000000765
126
2.831612699999937
126
4.212228900000014
127
5.365184099999965
127
2.733138199999985
127
2.49595869999996
127
2.4641704000000573
128
2.8645671000000448
128
4.434076699999991
128
2.664674600000012
128
2.475309999999922
129
3.217125900000042
129
4.722396000000003
129
2.6435917999999674
129
2.6046135000000277
130
3.004019900000003
130
2.8987935999999763
130
2.9913450999999895
130
3.1321446000001743
131
3.110810700000002
131
2.980610600000091
131
2.9296791000001576
131
2.6905912999998236
132
3.0614690000002156
132
3.041814800000111
132
4.1679503000000295
132
3.06447849999995
133
3.074848799999927
133
3.124245199999905
133
5.277739500000052
133
2.947229899999911
134
3.675082099999827
134
3.83734319999985
134
5.357502400000158
134
2.8432966999998825
135
3.2134851999999228
135
3.2922349999998914
135
4.110179100000096
135
2.951201200000014
136
3.318863500000134
136
3.317501400000083
136
3.135783799999899
136
2.979095099999995
137
4.155308899999909
137
3.836425500000132
137
4.327747499999987
137
3.3142330000000584
138
3.486727299999984
138
3.7304422000001978
138
3.5254347000000053
138
3.189656299999797
139
3.579901199999995
139
4.23463270000002
139
4.3816981000002215
139
3.2024463000000196
140
4.7516749000001255
140
4.155034000000114
140
3.459291900000153
140
3.5480342999999266
141
4.005662099999881
141
3.6020659000000705
141
3.3834461999999803
141
3.312762799999973
142
4.471146899999894
142
4.328268099999832
142
3.730592999999999
142
3.5942463999999745
143
3.9110915000001114
143
4.0023413999999775
143
4.983812700000044
143
3.4390335000000505
144
3.9557144999998854
144
4.547525199999882
144
4.111473599999954
144
3.4205455999999685
145
4.037885300000198
145
4.633358499999986
145
4.093050800000128
145
5.4338233000000855
146
5.915778099999898
146
4.599431600000116
146
3.712259500000073
146
3.7546220999997786
147
4.830969600000117
147
4.276308100000051
147
3.846152399999937
147
3.243229600000177
148
4.505909599999995
148
4.6641001000000415
148
3.7761571000000913
148
3.8490951000001132
149
4.488892000000078
149
4.260016700000051
149
4.06022280000002
149
3.822856799999954
150
4.417853400000013
150
4.785955800000011
150
4.648039100000005
150
3.992790100000093
