Processing ...
Server 0: 
rpcPort: 50355
mcPort: 56151

1
0.2627922999999974
2
0.24722899999999903
3
0.25052240000000126
4
0.25029589999999935
5
0.2532471999999988
6
0.2509982999999991
7
0.25297300000000433
8
0.2572104000000017
9
0.25374629999999954
10
0.2566255000000055
11
0.2624631999999991
12
0.2600732999999984
13
0.2660106000000013
14
0.2770891000000013
15
0.27299299999999604
16
0.2796436
17
0.2867336999999992
18
0.29202949999999817
19
0.3035829000000021
20
0.2992617000000024
21
0.356016799999999
22
0.29310740000000024
23
0.37082459999999884
24
0.4317092000000038
25
0.4003892999999934
26
0.3383213000000005
27
0.3642480999999975
28
0.35419439999999724
29
0.36723009999999334
30
0.4499416000000025
31
0.36900289999999814
32
0.42629980000000245
33
0.5032325999999969
34
0.44057550000000134
35
0.4411791000000065
36
0.4497444999999942
37
0.4562743999999981
38
0.7094714000000053
39
0.5258247999999952
40
0.5169010000000043
41
0.5402760999999998
42
0.6395955999999927
43
0.668855299999997
44
0.6274514999999923
45
0.6888658000000092
46
1.233161299999992
47
0.7234037999999927
48
0.7422733000000008
49
0.7852670999999987
50
1.5907460000000029
51
0.7365671000000091
52
0.7858572000000095
53
1.058581799999999
54
0.8125822000000085
55
0.8956032999999906
56
1.4930702999999994
57
0.9669590000000028
58
0.9697953999999811
59
1.080303299999997
60
1.086858300000003
61
1.2489009999999752
62
1.6610006999999882
63
1.0831056999999902
64
1.2674100999999922
65
1.3787714000000193
66
2.3378977000000276
67
1.661732999999984
68
1.8125930999999866
69
1.4026690000000173
70
2.8588161999999926
71
3.1401600999999886
72
3.4586028999999883
73
1.6160370000000341
74
1.9383995000000027
75
3.935510800000003
76
4.339492500000006
77
2.3094053000000088
78
8.926242399999978
79
2.7201289999999574
80
8.805042899999961
81
5.441769300000004
82
4.88081219999998
83
8.022641600000014
84
4.5098888999999645
85
2.5926045000000215
86
9.261585199999985
87
5.334049499999992
88
9.678074399999957
89
6.794615000000022
90
6.203564799999981
91
12.049690900000087
92
7.301590799999985
93
10.252758299999982
94
7.2074605999999335
95
14.818951699999957
96
15.398002400000053
97
15.266660500000057
98
13.761944999999969
99
14.292464300000006
100
7.985620799999992
101
10.218808900000113
102
11.023265200000083
103
13.228719999999953
104
11.494403100000227
105
13.666294300000004
106
8.399334900000099
107
15.432188799999835
108
18.94521829999985
109
11.68028430000004
110
9.836432900000204
111
19.437875299999973
112
6.828789999999913
113
20.82226579999997
114
24.708427300000153
115
12.626056300000073
116
15.121953399999938
117
23.87413709999987
118
33.3006676
119
23.52433820000033
120
10.140938000000006
121
13.71617649999962
122
28.69913319999978
123
33.79274680000003
124
17.393811499999856
125
20.174488899999915
126
43.11021440000013
127
49.54914530000019
128
43.239768499999855
129
44.220127000000275
130
37.04020379999997
131
49.9208936
132
34.591840600000296
133
19.338173100000176
134
20.849199900000258
135
28.253320799999756
136
33.27992359999985
137
39.30046390000007
138
40.93393990000004
139
33.79610459999958
140
44.80627790000062
141
41.34878789999948
142
22.085608200000024
143
46.10998419999987
144
42.68005949999997
145
52.183698400000594
146
74.76388020000013
147
59.30035999999927
148
70.35461729999952
149
44.092995399999836
150
28.806613199998992
