Processing ...
Server 0: 
rpcPort: 33723
mcPort: 53047

1
0.26132000000000133
2
0.24948449999999944
3
0.2519347000000014
4
0.25156579999999984
5
0.2486253000000005
6
0.25239629999999735
7
0.2536807000000003
8
0.2541210000000049
9
0.2550428999999994
10
0.25701910000000083
11
0.2632896000000038
12
0.26550510000000216
13
0.2642004
14
0.2777071000000042
15
0.3725865000000006
16
0.27560010000000545
17
0.2820025000000008
18
0.2894256999999989
19
0.3018193999999994
20
0.36176419999999965
21
0.3705660000000002
22
0.2940169000000026
23
0.4399771000000001
24
0.35037630000000064
25
0.3320128999999987
26
0.3935321999999992
27
0.37474830000000026
28
0.35561949999999243
29
0.4174374000000043
30
0.4564933999999994
31
0.3539471000000063
32
0.42561920000000697
33
0.4343825000000052
34
0.6276359000000014
35
0.44241139999999746
36
0.4477367000000072
37
0.5062921000000031
38
0.5096327000000045
39
0.5196611000000004
40
0.5271717000000038
41
0.5653325000000038
42
0.5433817999999988
43
0.5809253000000041
44
0.5786500999999902
45
0.6287386000000126
46
0.8145882999999969
47
0.9111741999999907
48
0.6516242999999946
49
0.7116267999999977
50
0.7250594999999933
51
0.7910408000000047
52
0.7746643999999918
53
1.4110151000000002
54
0.8805275999999793
55
0.896157500000001
56
1.0046047000000016
57
0.9399127999999877
58
1.927769399999974
59
1.2761001000000078
60
2.051416099999983
61
1.098428499999983
62
2.5454842000000184
63
1.3980741000000165
64
2.710578500000011
65
1.5987762000000032
66
2.8778073999999805
67
1.6406367000000017
68
1.7529945999999939
69
3.235736200000005
70
3.943585199999987
71
1.9345855999999912
72
1.9481992000000332
73
2.0703701999999566
74
3.5041481999999746
75
2.1005915000000073
76
1.8070853000000113
77
3.7549854000000096
78
4.463678299999998
79
2.737084199999998
80
4.136749799999961
81
4.491016099999996
82
4.863220699999999
83
9.789962400000036
84
7.00445049999999
85
3.804237099999966
86
4.082643300000001
87
10.056873000000024
88
5.82216840000001
89
9.748745499999927
90
5.050306099999943
91
6.116325399999937
92
4.222743899999955
93
10.134400800000037
94
17.244145500000002
95
20.254373399999963
96
8.569723799999963
97
13.869353199999978
98
17.605355299999985
99
7.583234200000106
100
17.169822599999975
101
12.884294699999998
102
9.879759700000136
103
7.038640099999952
104
15.324626899999885
105
12.814089299999864
106
8.89663459999997
107
5.773179099999993
108
17.98680339999987
109
26.17937350000011
110
19.76781480000011
111
13.976387600000066
112
14.501181000000088
113
21.569080600000007
114
35.282134900000074
115
16.209365600000183
116
9.93539520000013
117
15.245018199999777
118
13.65765760000022
119
12.945463700000118
120
30.301243000000113
121
30.977123299999903
122
24.864688099999967
123
23.872147499999983
124
16.39690090000022
125
20.49435930000027
126
22.11677899999995
127
23.433746500000098
128
39.35907619999989
129
41.5905644000004
130
41.3325911999998
131
43.748799299999746
132
45.71228150000002
133
43.03139530000021
134
46.201364399999875
135
44.417682799999966
136
46.174723000000085
137
45.34175280000045
138
46.71249900000112
139
49.227566800000204
140
49.70509720000018
141
56.6549258
142
56.607072599999356
143
50.50422659999958
144
61.823187499999676
145
44.52593509999997
146
36.83044589999963
147
54.18785969999999
148
47.042374599999675
149
47.15881209999952
150
59.14888850000034
