Processing ...
Server 0: 
rpcPort: 53029
mcPort: 49371

Server 1: 
rpcPort: 38549
mcPort: 58671

Server 2: 
rpcPort: 54105
mcPort: 32999

Server 3: 
rpcPort: 51625
mcPort: 51295

1
0.11720000000000041
1
0.11816320000000147
1
0.11593089999999862
1
0.11954910000000041
2
0.0991921999999974
2
0.09186290000000241
2
0.0991306999999999
2
0.09711030000000065
3
0.10399609999999981
3
0.09405650000000065
3
0.098589699999998
3
0.10378839999999911
4
0.09853749999999906
4
0.10167020000000093
4
0.10058279999999797
4
0.10181949999999773
5
0.10215840000000043
5
0.10304770000000119
5
0.09783350000000013
5
0.10362710000000064
6
0.10478039999999567
6
0.10140110000000391
6
0.10133330000000029
6
0.10167230000000416
7
0.10643959999999453
7
0.10058120000000059
7
0.10189069999999845
7
0.11201639999999458
8
0.10354380000000418
8
0.10384290000000362
8
0.101403899999994
8
0.10222869999999773
9
0.10243240000000498
9
0.10473249999999723
9
0.10281029999999447
9
0.10389800000000093
10
0.10215450000000459
10
0.10589769999999987
10
0.09398440000000363
10
0.1031525000000002
11
0.12585599999999886
11
0.10567700000000002
11
0.119488699999998
11
0.11843379999999826
12
0.1079535000000007
12
0.10432509999999695
12
0.10598819999999876
12
0.10507399999999478
13
0.10696670000000097
13
0.10885999999999996
13
0.10941150000000022
13
0.10748689999999783
14
0.121284100000004
14
0.11711710000000153
14
0.12007669999999848
14
0.11828429999999912
15
0.11309300000000633
15
0.11019040000000047
15
0.11120399999999364
15
0.11278279999999796
16
0.11704969999999548
16
0.11429100000000147
16
0.11250589999999505
16
0.11339630000000511
17
0.10924380000000156
17
0.11815320000000185
17
0.10024429999999995
17
0.11501280000000236
18
0.12112869999999987
18
0.12082260000000389
18
0.1199484000000055
18
0.12061769999999683
19
0.12488770000000216
19
0.12648060000000072
19
0.12192060000000282
19
0.12671750000000515
20
0.1309199000000021
20
0.13174169999999918
20
0.12836039999999826
20
0.1306326999999996
21
0.1357834000000011
21
0.13134089999999787
21
0.13175979999999754
21
0.1375116000000034
22
0.1382400999999973
22
0.13016669999999664
22
0.13748209999999972
22
0.15325100000000447
23
0.14623089999999905
23
0.1356001000000049
23
0.14250859999999932
23
0.1489533000000023
24
0.15261980000000364
24
0.15003850000000085
24
0.1550105999999971
24
0.14234430000000486
25
0.13025369999999725
25
0.12481979999999737
25
0.1259398000000047
25
0.12445830000000058
26
0.1444384999999997
26
0.12673749999999728
26
0.1302240999999995
26
0.12544280000000185
27
0.1924081999999956
27
0.18844179999999966
27
0.19329150000000084
27
0.19120279999999923
28
0.16145240000000172
28
0.15055230000000108
28
0.15528340000000185
28
0.1518265999999997
29
0.1601028000000042
29
0.16083079999999939
29
0.16424849999999935
29
0.15909369999999967
30
0.1686454000000026
30
0.1663070000000033
30
0.17149639999999522
30
0.1783131000000111
31
0.16203189999998813
31
0.1843367000000029
31
0.17207439999999963
31
0.16742490000000032
32
0.16852860000000192
32
0.1702310999999952
32
0.1715377000000018
32
0.1726744999999994
33
0.1849643000000043
33
0.17246799999999496
33
0.20633150000000455
33
0.1938523000000032
34
0.2063806000000028
34
0.19414419999999666
34
0.18289120000000025
34
0.17873230000000717
35
0.17887419999999565
35
0.1853413000000046
35
0.18873490000000004
35
0.17916099999999346
36
0.18937359999999615
36
0.20573149999999885
36
0.20198169999999038
36
0.19132439999999917
37
0.18980040000000997
37
0.22267270000000394
37
0.20067459999999926
37
0.1908459999999934
38
0.20873829999999316
38
0.1967517000000072
38
0.20841719999999953
38
0.20178169999999795
39
0.21471050000000957
39
0.20336989999999844
39
0.23358860000000448
39
0.2373856000000103
40
0.21511240000000953
40
0.20860659999999598
40
0.2326967000000053
40
0.21689539999999852
41
0.24823449999999525
41
0.21726630000000569
41
0.19702089999999828
41
0.18038769999999715
42
0.20233770000000106
42
0.1993678999999986
42
0.26730369999999937
42
0.23416789999998855
43
0.2524319000000048
43
0.2587876000000051
43
0.29282129999999995
43
0.31186729999998875
44
0.2978866999999923
44
0.30191159999999684
44
0.321652499999999
44
0.3138927000000109
45
0.34280660000000296
45
0.30592240000000004
45
0.351437599999997
45
0.32954360000000804
46
0.3319886000000025
46
0.3180683000000073
46
0.3698009999999954
46
0.3674706999999984
47
0.3194981000000041
47
0.3108250999999882
47
0.35079910000000325
47
0.3315766999999994
48
0.37933839999999464
48
0.3386370999999997
48
0.37609569999999337
48
0.35019069999999886
49
0.321481200000008
49
0.3463330999999954
49
0.3694389000000058
49
0.3478606000000042
50
0.3293995999999879
50
0.3458223000000089
50
0.38442679999999996
50
0.3579555999999968
51
0.3426053999999965
51
0.3544200999999987
51
0.39297340000000247
51
0.3703485999999998
52
0.35315479999999866
52
0.3670007000000055
52
0.41521799999999587
52
0.37846890000000144
53
0.3946368000000007
53
0.3152688999999924
53
0.32847019999999816
53
0.3167591999999928
54
0.3978470999999928
54
0.41957770000000494
54
0.4504132999999939
54
0.43782749999999737
55
0.39977989999999863
55
0.43593860000000006
55
0.46764059999999574
55
0.4289957999999956
56
0.4937512000000055
56
0.4526278000000019
56
0.4545985999999971
56
0.4357234999999946
57
0.38283309999999915
57
0.41687070000000404
57
0.47163869999999974
57
0.4453062999999986
58
0.43504059999997935
58
0.43424830000000725
58
0.509813400000013
58
0.45985959999998727
59
0.4986562999999933
59
0.4971482999999921
59
0.5525839000000019
59
0.49247319999997785
60
0.5730804000000091
60
0.5649816000000101
60
0.6613346999999976
60
0.6441441000000054
61
0.6521790999999837
61
0.580725899999976
61
0.6834864999999866
61
0.42253429999999526
62
0.4591040000000248
62
0.45383879999999976
62
0.6996107999999879
62
0.6089232999999865
63
0.6376223000000039
63
0.6478304999999978
63
0.7185268000000065
63
0.6337726000000146
64
0.6077942999999948
64
0.6194579000000147
64
0.7179781000000105
64
0.6463199000000088
65
0.6510744999999929
65
0.6411685999999861
65
0.7556100999999842
65
0.6782039999999938
66
0.6478740000000016
66
0.700634100000002
66
0.8087495999999987
66
0.7064964000000202
67
0.6932156999999961
67
0.7710925000000088
67
0.8034445999999775
67
0.7292441000000167
68
0.5505711000000133
68
0.5397762000000057
68
0.5423528000000033
68
0.5378962000000058
69
0.6973440999999809
69
0.7060151000000019
69
0.9086281000000156
69
0.7363307999999904
70
0.7211951999999826
70
0.7479571000000078
70
0.8629996000000233
70
0.8293322000000103
71
0.7593669000000034
71
0.7521393000000103
71
0.8828049000000249
71
0.8203016000000218
72
0.7790442999999811
72
0.7660119999999893
72
0.8948517000000038
72
0.8736784999999827
73
0.8097176999999931
73
0.7901998999999762
73
0.9305616000000043
73
0.6193824000000063
74
0.6399284999999963
74
0.6368822999999963
74
0.9683009000000027
74
0.8794613999999967
75
0.982900299999983
75
0.8740865999999983
75
1.0824058000000036
75
0.9965682000000129
76
1.0690180999999939
76
0.9925861999999768
76
1.2231401000000233
76
1.0998171999999897
77
1.0250790999999992
77
0.9728235000000041
77
1.1417946999999913
77
1.082899800000007
78
1.0858677000000228
78
0.829846300000014
78
0.785009400000007
78
0.7936391000000071
79
1.0398358999999857
79
1.2029428000000166
79
1.3304090999999971
79
1.1048160999999936
80
1.0693660999999963
80
1.1048509000000024
80
1.2983077000000094
80
1.15385839999999
81
1.200514300000009
81
1.0875944000000004
81
1.3661412000000155
81
1.17462230000001
82
1.1388527999999951
82
0.8786186999999472
82
0.9022278999999571
82
0.8418031999999585
83
0.8197713000000135
83
1.1600910999999883
83
1.4679636000000187
83
1.2334597999999914
84
1.1868397000000073
84
1.1976578000000018
84
1.492556000000036
84
1.336075199999982
85
1.2199317000000178
85
1.261910499999999
85
1.5617659999999773
85
0.9019829000000072
86
0.9179321999999956
86
0.9997998999999709
86
0.965752899999984
86
1.3581556999999975
87
1.5738628999999946
87
1.3900992999999744
87
1.5242964999999913
87
1.3223429000000237
88
1.3528276999999775
88
1.289214799999968
88
1.6800445999999738
88
1.3848129000000426
89
1.4080346999999733
89
1.0409123000000022
89
1.0607863999999836
89
1.0233114000000114
90
1.3871584999999982
90
1.3868138000000272
90
1.773764299999982
90
1.6002814000000285
91
1.4951090999999792
91
1.4410978999999884
91
1.7739599999999882
91
1.621256399999993
92
1.5856742999999938
92
1.1789287999999942
92
1.2305974999999876
92
1.1980285000000208
93
1.3475272999999675
93
1.747846700000025
93
2.0544014000000175
93
1.644387399999971
94
1.7372497000000067
94
1.8168978000000493
94
2.391423800000041
94
1.258048199999962
95
1.2081036000000154
95
1.2937109000000078
95
1.2900220000000218
95
1.9478641000000039
96
1.461091099999976
96
1.768620999999996
96
1.5355531999999812
96
1.794026199999962
97
1.8111394000000018
97
1.3446928000000185
97
1.4414698000000499
97
1.3312882999999829
98
1.1744540000000256
98
2.012283600000046
98
1.958394100000021
98
1.941952399999991
99
1.9202585000000454
99
2.1297175000000266
99
2.0350454000000013
99
1.562941300000034
100
1.4064278999999829
100
1.4495736999999735
100
2.1114043999999694
100
2.0665939000000435
101
2.048756200000014
101
2.0181835000000206
101
1.5729943000000048
101
1.444369599999959
102
1.4499174999999696
102
1.5383765999999923
102
1.5464659999999526
102
1.795220900000004
103
1.4848093999999605
103
1.5883420000000115
103
2.1338645000000156
103
1.715947999999969
104
2.0806418000000235
104
1.5735663999999474
104
1.6360359000000244
104
1.8423332999999502
105
1.9158684000000221
105
2.33823510000002
105
2.7225007999999207
105
2.278309799999988
106
2.3070882000000665
106
1.7000305000000253
106
1.7842177999999649
106
1.6257417000000487
107
1.889046599999915
107
2.274751100000003
107
3.049079000000006
107
2.3873800000000074
108
1.780829600000061
108
1.9063403000000108
108
2.0485835999999154
108
1.8288910999999644
109
6.069636799999898
109
2.455402499999991
109
3.2865472999999383
109
1.8173498999999538
110
1.9022745999999415
110
2.01509759999999
110
2.0226390000000265
110
2.7110374000000093
111
2.9487177999999403
111
2.106585100000075
111
1.9946286999999074
111
2.173785100000032
112
1.9602191000000175
112
2.2786690000000362
112
2.1171749999999747
112
3.0196042000000034
113
3.2552749000000176
113
2.0762779000000364
113
2.2473936000000094
113
1.6811612000000196
114
1.962597300000084
114
3.1898972000000185
114
2.347334700000033
114
2.0384253999999373
115
2.028747199999998
115
2.4464585000000625
115
3.093382799999972
115
3.256271800000036
116
2.959240799999975
116
2.598072699999989
116
2.2525514999999814
116
2.290351199999918
117
2.108441399999947
117
2.313951399999951
117
2.4653992000000926
117
2.2081984000000148
118
2.303568100000007
118
2.304774199999997
118
2.038834700000052
118
3.7032630999999583
119
3.053438300000039
119
2.3718082000000322
119
2.365895499999965
119
2.274132799999961
120
2.504691399999956
120
3.9178885999999693
120
2.414714300000014
120
2.2463533999999754
121
2.363476300000002
121
3.269827599999985
121
2.306705700000066
121
2.340985899999964
122
2.4323753999999553
122
2.7968173000000434
122
2.523993399999995
122
2.3270749999999225
123
3.7981291999999485
123
2.588836600000036
123
2.6345903000000135
123
2.47638029999996
124
3.1414662999999337
124
2.887539699999934
124
2.772712599999977
124
2.5875400999999556
125
3.306762000000049
125
2.965652099999943
125
2.7704791999999543
125
2.578277099999923
126
3.0664966000000504
126
2.9915131999999858
126
3.8724496999999474
126
2.7627207000000453
127
3.173325900000009
127
2.8240242000000535
127
3.4270589999999856
127
2.6662036999999827
128
3.1892212999999856
128
3.0037287000000106
128
2.8926248000000214
128
2.7851978000001054
129
2.8835772999998426
129
3.009877299999971
129
3.375645100000156
129
5.911789900000031
130
3.2137331999999788
130
2.951632000000018
130
2.982753200000161
130
3.2380602000000636
131
3.4606472000000394
131
3.090199900000016
131
3.462865299999976
131
4.941449600000169
132
3.028642600000012
132
3.168282999999974
132
3.5524756999998317
132
3.026906399999916
133
3.181295699999964
133
3.520455800000036
133
3.24817760000019
133
3.0789826000000176
134
3.188234599999987
134
3.7266707999999653
134
3.6106878999999026
134
3.1483599999999115
135
3.200028599999996
135
3.8050102999998217
135
3.8266837999999552
135
3.2106128999998873
136
3.4198140000000876
136
3.8308031000001392
136
4.01911240000004
136
3.2719104000000243
137
3.2771954000002097
137
3.8915435000001253
137
4.004533199999969
137
3.2755555999999615
138
3.376226000000088
138
4.012411499999871
138
4.383383900000126
138
3.362967900000058
139
3.9912863000001835
139
3.9384285000001
139
3.782636499999853
139
3.4842473999999584
140
3.7338921999999
140
4.708930399999872
140
4.568432099999882
140
4.505550000000085
141
4.078663199999937
141
3.7393085000001065
141
3.8722493000000213
141
3.7187384000001202
142
3.957128799999964
142
4.807873100000052
142
4.539494999999988
142
5.274564599999849
143
4.088280599999962
143
4.79708729999993
143
4.030006599999979
143
4.3681900999999925
144
3.979936600000201
144
4.359214399999928
144
4.151337300000023
144
4.048353599999928
145
5.0883682000001045
145
4.290210699999989
145
4.249591399999872
145
4.460386499999913
146
4.604098799999974
146
4.8525055999998585
146
4.240821399999959
146
4.007864700000027
147
4.441357700000026
147
5.2309373000000505
147
4.895266199999924
147
4.257087400000046
148
4.212895600000138
148
4.855828100000053
148
4.471763999999894
148
4.045820899999853
149
4.414851400000089
149
4.483909499999982
149
4.789420400000154
149
4.779074100000116
150
4.439905299999964
150
4.822676499999943
150
4.603681300000062
150
4.574084099999936
