Processing ...
Server 0: 
rpcPort: 36513
mcPort: 48663

1
0.2601078000000001
2
0.24794899999999842
3
0.2505891999999985
4
0.24960560000000243
5
0.25424990000000136
6
0.2520210999999968
7
0.25471080000000157
8
0.2521098999999971
9
0.25601839999999854
10
0.2592287000000013
11
0.26106290000000243
12
0.26738690000000176
13
0.27409899999999965
14
0.2802047999999999
15
0.28514380000000017
16
0.27619439999999784
17
0.281733899999999
18
0.286665499999998
19
0.2943232000000009
20
0.32369249999999994
21
0.35989910000000336
22
0.2933262000000063
23
0.42883349999999965
24
0.34398869999999704
25
0.4570732999999976
26
0.3748615999999956
27
0.3603783000000007
28
0.4106958999999968
29
0.36158350000000183
30
0.5654557000000011
31
0.36047669999999954
32
0.4271748000000102
33
0.43039669999999575
34
0.43850649999999547
35
0.441382499999996
36
0.4457647999999992
37
0.5089280999999986
38
0.5047185000000027
39
0.5234649999999874
40
0.5298039999999986
41
0.5110135999999983
42
0.9726339999999993
43
0.5806663000000043
44
0.5827689999999848
45
1.1662051999999932
46
0.7626038999999949
47
0.727811999999993
48
1.4210686999999993
49
0.8271914999999979
50
0.8359987000000046
51
1.6161990000000088
52
0.9392051999999893
53
0.8726504999999918
54
0.8760456000000119
55
0.9053187999999892
56
0.9530521999999877
57
0.9221422999999902
58
0.9706225999999987
59
1.2034975000000117
60
1.1489930999999842
61
1.8425774000000104
62
1.6859579999999994
63
1.1218033000000105
64
1.345724599999997
65
1.3808017000000063
66
2.911308099999985
67
1.4730296999999979
68
1.3942419999999913
69
2.5876856000000004
70
1.6442090999999976
71
2.2891910000000166
72
1.6348229000000458
73
1.6299884000000304
74
3.171216199999975
75
3.673712800000004
76
3.988697700000017
77
1.784257000000025
78
5.234745799999956
79
9.087461899999994
80
4.910801200000009
81
5.404316000000023
82
5.41288209999999
83
5.935920400000015
84
9.530503600000031
85
6.505111700000015
86
11.941005999999987
87
9.252838900000029
88
13.381568300000026
89
14.697310099999982
90
6.959368299999994
91
8.90105049999994
92
9.314004600000032
93
9.225821900000028
94
16.972578499999997
95
9.716715599999986
96
7.61680350000006
97
14.581962100000055
98
10.886258000000055
99
8.421137199999976
100
12.272713400000043
101
12.261344099999974
102
11.968630999999846
103
14.039385599999832
104
11.19259719999991
105
10.430770200000097
106
11.337257900000054
107
12.282529299999965
108
27.37930009999991
109
34.15049930000009
110
10.74761490000003
111
16.945978000000082
112
15.67120690000013
113
16.168895900000052
114
25.882372999999916
115
25.441857600000162
116
30.60605459999988
117
20.79753319999986
118
10.994065500000033
119
14.748539500000106
120
27.28667889999997
121
29.479688500000066
122
19.364819699999998
123
17.59165850000022
124
19.776835199999823
125
29.379241699999966
126
31.905409799999916
127
26.989488400000027
128
22.22198430000003
129
15.99715459999993
130
34.152504500000305
131
44.30761380000013
132
48.664264499999945
133
47.9961366
134
48.429231999999956
135
48.896554899999956
136
49.11632560000044
137
17.772266399999808
138
16.861784099999568
139
45.34969769999998
140
48.71078090000083
141
21.71163839999963
142
39.99206509999976
143
49.52158789999976
144
50.85945710000033
145
54.30471409999973
146
62.727965000000495
147
52.450497799999994
148
77.6461317000003
149
68.61071429999993
150
85.15258029999995
