Processing ...
Server 0: 
rpcPort: 44227
mcPort: 59361

Server 1: 
rpcPort: 57081
mcPort: 58547

1
0.17037489999999877
1
0.15387020000000007
2
0.1618259000000002
2
0.1505541000000008
3
0.1535248999999972
3
0.14846040000000116
4
0.15237849999999753
4
0.15352280000000107
5
0.15116839999999954
5
0.15179289999999668
6
0.14833240000000103
6
0.14980340000000325
7
0.15521450000000314
7
0.15271339999999967
8
0.15706009999999893
8
0.15474030000000027
9
0.1563465000000015
9
0.15880169999999794
10
0.16175669999999798
10
0.1726309999999991
11
0.16088260000000076
11
0.15959589999999935
12
0.170603100000001
12
0.16366839999999883
13
0.17458459999999576
13
0.1719797000000014
14
0.19224969999999786
14
0.1831856000000016
15
0.18218549999999922
15
0.20907199999999904
16
0.19372960000000106
16
0.1832083999999945
17
0.19765680000000074
17
0.18740700000000032
18
0.21377700000000033
18
0.20030879999999485
19
0.22185260000000184
19
0.2059902999999963
20
0.2355929999999944
20
0.21111150000000123
21
0.22280579999999617
21
0.22738669999999672
22
0.22163549999999788
22
0.3283988000000022
23
0.2322227999999953
23
0.2244022000000001
24
0.24284999999999712
24
0.23338669999999695
25
0.2595462000000026
25
0.23580710000000238
26
0.2742169000000061
26
0.24666679999999985
27
0.28219500000000153
27
0.25825129999999064
28
0.2966259000000022
28
0.2757992000000016
29
0.31140849999999176
29
0.2812844000000041
30
0.3256818999999993
30
0.30084070000000196
31
0.3552408999999983
31
0.3176277999999968
32
0.39220210000000577
32
0.3209856000000002
33
0.379195100000004
33
0.3810221000000027
34
0.4600682999999961
34
0.33878469999999794
35
0.4376415999999992
35
0.3583866000000029
36
0.43118500000000637
36
0.3858436000000012
37
0.4769961000000009
37
0.4280021000000005
38
0.4555067999999949
38
0.4354620999999952
39
0.4768308000000019
39
0.42306710000000436
40
0.48976590000000186
40
0.446094599999995
41
0.4703873999999999
41
0.38059260000000705
42
0.3803843000000029
42
0.35558180000000306
43
0.3498644000000013
43
0.3604081000000008
44
0.570973500000008
44
0.5454448999999926
45
0.3731662
45
0.3757565000000085
46
0.4866775000000132
46
0.4294418000000064
47
0.40998799999999846
47
0.5992966999999965
48
0.4412601999999879
48
0.44152490000000455
49
0.6256123000000002
49
0.6285384999999906
50
0.5715854999999976
50
0.47953860000001214
51
0.7801362999999952
51
0.7430188000000015
52
0.4689051999999947
52
0.49127360000001374
53
0.8707572000000141
53
0.4859191999999979
54
0.4908108999999996
54
0.5616622999999947
55
0.7660197000000011
55
0.48769330000000366
56
0.6365131000000019
56
1.0232022
57
0.5744965000000093
57
1.0246740000000045
58
0.9997506999999928
58
0.559925700000008
59
0.5848856999999867
59
1.015993199999997
60
0.6379431999999952
60
0.6143895000000015
61
0.7616040999999996
61
1.1080757999999946
62
0.7651926000000202
62
0.7685373000000055
63
1.1947019999999924
63
1.3779888000000113
64
0.6815713999999957
64
0.6968173000000064
65
1.328596800000014
65
1.568964099999988
66
1.3620629000000122
66
0.7328382000000033
67
1.4320441999999787
67
1.3461073000000283
68
1.400841999999983
68
0.8467975999999737
69
1.490387700000042
69
1.696985600000005
70
1.269902500000029
70
0.8919664999999952
71
1.6405312999999921
71
1.5692582000000073
72
0.9103398999999968
72
0.8909731000000249
73
1.606599899999992
73
1.2401805000000081
74
0.9210392999999897
74
1.717811299999994
75
2.1516347000000167
75
1.6536041999999895
76
1.1162610999999742
76
1.004903799999994
77
1.8910298999999782
77
2.163010700000001
78
1.2325501000000259
78
1.8081070000000068
79
2.394687199999993
79
2.0586536000000137
80
1.2438086999999882
80
2.1176008000000195
81
2.115758999999997
81
1.2095141999999726
82
1.2088190000000054
82
2.169305599999973
83
2.4305988999999784
83
1.374615399999982
84
1.3942357999999615
84
2.6987714999999923
85
2.3920989000000077
85
2.7758104000000117
86
1.3822610999999938
86
2.291885800000017
87
2.440310899999986
87
1.968239399999959
88
1.436072700000011
88
2.8863816999999585
89
2.9810154999999554
89
1.4715464000000225
90
3.1416168000000084
90
2.9014810000000466
91
3.0889225000000238
91
1.9133400999999708
92
1.6154559999999947
92
3.2857579000000214
93
3.064823400000023
93
1.703222100000005
94
3.977727400000049
94
3.6296609999999987
95
4.473411800000008
95
1.6724571999999966
96
1.9807209000000512
96
2.8933853999999997
97
4.404984000000013
97
2.1124185000000466
98
4.678520600000013
98
4.128637400000059
99
4.5009996
99
2.6176636000000144
100
4.503235899999993
100
4.963854500000025
101
4.19544529999996
101
3.7163068000000408
102
2.3884429000000296
102
5.530280399999981
103
3.891993800000023
103
4.7976990999999884
104
4.8780561000000375
104
7.234436100000039
105
4.029470200000048
105
5.1234578000000965
106
8.046563699999979
106
7.265361700000085
107
3.918725199999926
107
4.402881399999956
108
2.5870568000000276
108
4.196453999999903
109
4.906853800000022
109
7.229449399999908
110
4.362048800000025
110
4.609361300000046
111
5.266451200000006
111
6.159303600000044
112
8.824262400000066
112
4.432979700000033
113
5.211268700000005
113
5.879493900000057
114
4.629105299999992
114
4.550256900000022
115
6.140631800000051
115
8.584500299999945
116
3.2001710000000685
116
7.140435400000115
117
6.593559700000014
117
4.940484200000014
118
5.749649100000056
118
7.115278100000069
119
8.810533300000088
119
5.713397799999939
120
5.473295600000029
120
16.310499599999957
121
6.857641699999931
121
7.82526919999998
122
6.997899500000017
122
6.618239399999993
123
6.880571799999984
123
8.739825699999983
124
7.028724999999895
124
5.958243100000118
125
6.266602000000148
125
7.523463900000024
126
6.9304319999998825
126
9.894486500000085
127
5.98306330000014
127
17.047247099999822
128
8.27790159999995
128
8.66586140000004
129
10.69668489999981
129
6.802608799999916
130
7.336195999999973
130
10.327168999999913
131
8.499882799999796
131
7.253060100000084
132
9.596893300000147
132
9.687495100000206
133
9.571722900000168
133
10.133811199999855
134
8.739273100000219
134
8.69814109999993
135
12.345682899999929
135
11.212767900000244
136
9.759886600000073
136
9.7408511000001
137
8.070695600000136
137
12.706543799999736
138
10.441532999999936
138
11.903494499999852
139
9.336809099999982
139
6.897292900000139
140
12.355080999999927
140
11.097134900000128
141
12.720326100000193
141
10.345715100000007
142
10.780265999999983
142
11.738952500000096
143
10.632333300000255
143
11.805794300000116
144
10.659180900000138
144
12.275979000000007
145
14.091156100000262
145
13.607769200000348
146
11.783001299999796
146
14.275957400000152
147
9.919296399999894
147
12.147109700000328
148
17.560316800000237
148
12.295318099999804
149
14.132946199999878
149
12.42810309999959
150
14.161884699999973
150
15.72112100000004
